[[0.87801279 0.98730423 0.18115488 0.74085539 0.54159061 0.01856224
 0.19777724 0.78214923 0.29326437 0.94666071 0.23859061 0.25965393
 0.13480922 0.88629493 0.19148356 0.27863676 0.63356717 0.7032945
 0.56740042 0.19770122 0.98444188 0.39190112 0.39301399 0.60915654
 0.17071237 0.07018262 0.40865205 0.23785464 0.07802031 0.67047316
 0.08843995 0.90157833 0.33269645 0.03441444 0.20236912 0.83366599
 0.8238156  0.88024412 0.55294578 0.92168573 0.95332652 0.8983837
 0.52800189 0.15959207 0.8778377  0.16840064 0.99698507 0.11567973
 0.98768111 0.17899734 0.7303223  0.38708536 0.32347636 0.55528675
 0.32547344 0.80653881 0.20965009 0.39381319 0.42031016 0.833753
 0.26466774 0.97289262 0.01517903 0.93114111 0.77211617 0.0390569
 0.2569437  0.96743825 0.35021288 0.69759832 0.37620118 0.89733564
 0.88569228 0.23968842 0.32420146 0.40839837 0.04223762 0.48823611
 0.88045611 0.85313778 0.23172877 0.61590246 0.65498516 0.81796221
 0.89544116 0.13891089 0.26913643 0.04629469 0.57758998 0.31889395
 0.56926124 0.09518622 0.68130728 0.40614149 0.40976965 0.70822522
 0.10033002 0.18555366 0.40502942 0.21959666 0.74801309 0.14403362
 0.43746085 0.33570315 0.36690672 0.68735158 0.70223053 0.90846341
 0.08319005 0.90420227 0.20991858 0.297299   0.20478103 0.56789146
 0.5871911  0.30985965 0.34693891 0.70452997 0.00934959 0.07251858
 0.15239004 0.2970188  0.30080209 0.57541666 0.41674047 0.00881753
 0.7362003  0.87326908 0.23269116 0.47178766 0.59053978 0.82283752
 0.79473455 0.05803908 0.31679321 0.53694044 0.42780866 0.37610123
 0.20261038 0.1262411  0.9204792  0.93491085 0.3366016  0.2178611
 0.1490481  0.64907956 0.92565092 0.86862482 0.44881163 0.60514694
 0.81977525 0.6139902  0.83767007 0.56500229 0.90060593 0.84820166
 0.08444315 0.95050733 0.1716395  0.57985828 0.92046024 0.40144129
 0.90700428 0.24734231 0.52392813 0.90026981 0.23288003 0.2849068
 0.04782792 0.03713201 0.38146815 0.41058749 0.68084825 0.07945851
 0.24656737 0.84635807 0.64439041 0.23698295 0.92382524 0.21885444
 0.55247928 0.77627223 0.98681928 0.67071673 0.17036438 0.41087659
 0.86820306 0.42656844 0.67039777 0.33913046 0.99336324 0.2334834
 0.61433053 0.66640238 0.1931893  0.28066279 0.36008446 0.3525228
 0.79159362 0.93034638 0.12768516 0.95250631 0.51177726 0.97300404
 0.94202394 0.37957172 0.33877005 0.48386041 0.54758917 0.89416462
 0.06310685 0.73300169 0.23966401 0.55905985 0.79208767 0.25750256
 0.62721675 0.41931323 0.10484094 0.38685133 0.24757294 0.35984629
 0.43912485 0.56504977 0.13323708 0.55958198 0.57913711 0.81415369
 0.84898834 0.90655604 0.89915922 0.57937884 0.96297311 0.12857104
 0.36415814 0.6588019  0.98300419 0.49516658 0.18291007 0.17342295
 0.55130621 0.28124678 0.84434159 0.8846523  0.47413591 0.42860511
 0.60376393 0.77976038 0.99959802 0.6934826  0.29081947 0.03505923
 0.98207826 0.93850656 0.38467496 0.52273246 0.83738191 0.50161004
 0.70776448 0.99567284 0.87712578 0.40205493 0.81621046 0.19138576
 0.27960326 0.36025304 0.20597662 0.3241271  0.90770846 0.21750255
 0.02780576 0.81406425 0.07175628 0.80690962 0.20967039 0.22506647
 0.17234283 0.74182506 0.53370847 0.70954771 0.52286822 0.96278776
 0.11403318 0.32023546 0.18312383 0.9937573  0.78842303 0.2923334
 0.21454616 0.00874718 0.56804213 0.42223858 0.427756   0.53657497
 0.82741269 0.78720121 0.41299616 0.69237559 0.9108521  0.32934052
 0.49282486 0.36865801 0.09612314 0.49865822 0.29443536 0.49540329
 0.78881909 0.73665123 0.38058721 0.62285136 0.22892586 0.1332923
 0.01477238 0.19758562 0.60784818 0.93210812 0.11101045 0.57440882
 0.73822098 0.75124799 0.43240445 0.81173865 0.39735989] -> [21.0, 0.0010010627728555316], [0.96431297 0.81492293 0.30106566 0.59485022 0.88869391 0.80046746
 0.81143212 0.718693   0.11523225 0.98667114 0.73707672 0.86997286
 0.60922156 0.85071453 0.44937653 0.98329715 0.10776907 0.90886224
 0.41638755 0.30559066 0.7610303  0.74721068 0.12991551 0.12104216
 0.07353832 0.67651515 0.21447051 0.12394434 0.33089846 0.0971914
 0.14563816 0.36768769 0.70981519 0.98556164 0.87626786 0.49572608
 0.12893738 0.74098933 0.94358328 0.56772046 0.02769392 0.35097211
 0.91658283 0.52183021 0.90322137 0.12742526 0.10565165 0.28805991
 0.35049222 0.47798011 0.61400829 0.60824512 0.40677179 0.44568315
 0.72265454 0.9732718  0.24149918 0.92082348 0.83374833 0.81509998
 0.10971059 0.33713433 0.14320425 0.66904351 0.98441072 0.14252442
 0.1922933  0.96881809 0.79404992 0.11865222 0.89762478 0.06016495
 0.53946369 0.38294324 0.05986982 0.52459411 0.10520371 0.74024202
 0.15534793 0.72560142 0.05997845 0.17519177 0.47421035 0.59865213
 0.78643256 0.03001998 0.93674577 0.0340904  0.90034289 0.32099689
 0.21290025 0.29219005 0.88207424 0.39137024 0.36447463 0.29705857
 0.68741834 0.73154363 0.84531777 0.22164158 0.08041752 0.12889623
 0.8668276  0.4097653  0.36950459 0.34582782 0.55497983 0.90425686
 0.44803107 0.20111701 0.7498421  0.60348175 0.9747876  0.0019424
 0.01211404 0.76535351 0.82263313 0.30164043 0.09540906 0.7594071
 0.17235847 0.24141508 0.51112166 0.91258848 0.65541701 0.66534976
 0.35210363 0.43608546 0.08934881 0.4127612  0.66354482 0.97665258
 0.46215619 0.34345851 0.45730291 0.75846796 0.49520737 0.13975335
 0.4469056  0.7753986  0.32356803 0.47049692 0.00991471 0.31514984
 0.07219847 0.18891172 0.71819087 0.65441083 0.00301405 0.31374536
 0.48170329 0.86584066 0.52432262 0.18696046 0.8688031  0.24638071
 0.40233086 0.16529223 0.33977842 0.42340865 0.25200018 0.39370169
 0.38174317 0.0106793  0.38479211 0.65585385 0.41515392 0.14349174
 0.53509097 0.42057163 0.64693663 0.6158355  0.52384608 0.76026313
 0.0610912  0.2868871  0.51392081 0.29070065 0.5506419  0.25312381
 0.41141349 0.5954708  0.34247499 0.49305018 0.3627941  0.93831904
 0.08794438 0.25338668 0.07510258 0.76809066 0.49576289 0.18535348
 0.31055685 0.81078118 0.93378964 0.39860728 0.27568239 0.76620644
 0.54761327 0.22007367 0.17436733 0.18188117 0.99261002 0.76202115
 0.42031745 0.73566171 0.20122789 0.81049428 0.41238883 0.22594638
 0.73679884 0.0577363  0.82368519 0.02058034 0.15239387 0.02453344
 0.4513369  0.8675034  0.4238338  0.77512654 0.1648163  0.90223394
 0.18020729 0.61810982 0.45504487 0.61179213 0.90773931 0.4107582
 0.65781989 0.60861174 0.45441826 0.07028155 0.03720342 0.0056435
 0.61380484 0.56649875 0.41955391 0.3233236  0.74037703 0.6364214
 0.76972307 0.51588636 0.0484333  0.42029198 0.60777571 0.50101294
 0.00347274 0.80731139 0.5281515  0.54909928 0.77028136 0.26805485
 0.73245903 0.51554842 0.55470787 0.30782425 0.26770322 0.6603375
 0.5696705  0.47380074 0.62258373 0.75138566 0.69691869 0.38334295
 0.13330641 0.46773945 0.4562453  0.19156713 0.55803316 0.68598818
 0.29038889 0.0415738  0.0068329  0.85889661 0.43558096 0.96581303
 0.70252845 0.99001199 0.68173071 0.07103331 0.71703826 0.31763216
 0.43648946 0.9779077  0.13246813 0.19492038 0.5956583  0.59264714
 0.50493676 0.06680712 0.24227001 0.20490607 0.6929722  0.51868063
 0.39265096 0.26324098 0.0802815  0.51683123 0.76940866 0.46103651
 0.53636443 0.79864255 0.87672006 0.72147561 0.86388982 0.55808448
 0.33045524 0.19438488 0.27551236 0.13471113 0.71881755 0.87845156
 0.31315039 0.66473993 0.56682769 0.95536895 0.08224164 0.11345835
 0.88184789 0.56038868 0.28104973 0.26245885 0.98525279] -> [21.0, 0.0010010627728555316], [0.30135777 0.85113482 0.40569961 0.8579209  0.61741688 0.28658853
 0.28027079 0.85701468 0.48330919 0.15265962 0.58009389 0.1414975
 0.06118143 0.26021306 0.77502777 0.20817795 0.86347351 0.04026102
 0.3371012  0.00427594 0.68796564 0.61514783 0.78440468 0.8156032
 0.90778034 0.42363855 0.36662939 0.60856318 0.485954   0.1935771
 0.43255457 0.39157935 0.88890301 0.08089869 0.72682458 0.70599514
 0.91396713 0.56843463 0.70531351 0.12310133 0.87363466 0.05193671
 0.60803378 0.11268447 0.22919101 0.68758002 0.38365778 0.68613181
 0.22010297 0.09584415 0.34686959 0.50574243 0.80978634 0.86638251
 0.37840752 0.94267369 0.56324819 0.18423095 0.5036448  0.67986973
 0.76298928 0.11950013 0.97252957 0.55699705 0.00490434 0.28546276
 0.83219288 0.05441784 0.31180805 0.67842569 0.12743071 0.71793684
 0.58942719 0.2684315  0.81035979 0.07295214 0.19333736 0.76439948
 0.60203053 0.21659313 0.3925797  0.8482989  0.17311794 0.06444248
 0.49850774 0.20391049 0.68254361 0.24452539 0.18928534 0.61379036
 0.95960788 0.54832175 0.96622509 0.99159054 0.75157386 0.57407784
 0.37217025 0.07886829 0.52827804 0.17929043 0.56694549 0.43354539
 0.55681472 0.57570389 0.5600257  0.927534   0.55390481 0.11753285
 0.88440291 0.74157418 0.36772462 0.44375915 0.56224065 0.39175803
 0.66965497 0.99810901 0.05232876 0.91752472 0.99004391 0.86298028
 0.46336689 0.6632507  0.46666021 0.37321447 0.15623381 0.20098029
 0.47723671 0.28216792 0.20805381 0.60903148 0.28267192 0.83231006
 0.08807195 0.22697443 0.42441674 0.21419725 0.83699078 0.49219739
 0.06168009 0.20400676 0.69863354 0.30898418 0.29939699 0.21075722
 0.01248712 0.75829324 0.32558462 0.24399351 0.10525683 0.50538874
 0.73877151 0.94707704 0.93264314 0.01724692 0.49597089 0.4852898
 0.54923323 0.42651486 0.92757013 0.5939311  0.43593277 0.96275664
 0.51788694 0.00812029 0.62704    0.96508825 0.65314639 0.19973193
 0.83826538 0.03575733 0.84706665 0.13487178 0.84118646 0.17847813
 0.14636277 0.2516277  0.50397469 0.69225887 0.51243001 0.07096026
 0.94708928 0.83856866 0.36662476 0.03764342 0.40935241 0.96307939
 0.95389011 0.16883783 0.19709528 0.97683231 0.33857995 0.69604292
 0.92894585 0.82581291 0.80433198 0.61266053 0.80775566 0.23522916
 0.90412223 0.21304587 0.12326386 0.76966434 0.99140938 0.75900897
 0.62315531 0.08898138 0.52831997 0.17853291 0.54075129 0.40975957
 0.14027614 0.54401273 0.79146232 0.71478885 0.14018736 0.93633639
 0.93198022 0.35870002 0.97778904 0.19050063 0.40027089 0.84096007
 0.08593117 0.39432726 0.00980891 0.21157252 0.35605616 0.83402089
 0.62530795 0.09487394 0.79652357 0.75898784 0.30669333 0.17329014
 0.73486459 0.93757067 0.21925026 0.32997019 0.3324154  0.96696696
 0.05095892 0.01859199 0.18195071 0.4624084  0.96587157 0.03673526
 0.79763303 0.52542192 0.89021854 0.96389918 0.71791526 0.24990569
 0.91040101 0.01186339 0.98794535 0.41330575 0.26997148 0.88301096
 0.49846535 0.38574762 0.30524789 0.41921574 0.24819667 0.51794345
 0.43597553 0.2639824  0.00582784 0.15154342 0.78113509 0.70860541
 0.92372066 0.14914425 0.92650687 0.88726438 0.3500817  0.95450069
 0.98381729 0.84562361 0.55691767 0.87106558 0.15434472 0.13274852
 0.13884975 0.69475057 0.96014315 0.19431471 0.13685198 0.8853958
 0.87816812 0.12719888 0.03342821 0.2782391  0.27301462 0.00741615
 0.14535669 0.83514927 0.06375939 0.45619286 0.71650657 0.71408086
 0.30941489 0.13367505 0.42608489 0.3600098  0.44792255 0.29237498
 0.47518828 0.97438079 0.00797937 0.22993583 0.84908029 0.49947649
 0.78391834 0.07915158 0.9899012  0.00250858 0.78621663 0.24545103
 0.7117061  0.80471395 0.73449346 0.95481374 0.22248881] -> [17.0, 0.0014011027728555315], [0.19615424 0.01193392 0.63454168 0.58818529 0.66215819 0.15255629
 0.96634371 0.8461353  0.52625268 0.90873482 0.68342417 0.75854414
 0.10492522 0.52029451 0.05169388 0.14402098 0.4390553  0.87943714
 0.42774953 0.97718319 0.11378127 0.39679365 0.09621664 0.3396678
 0.25076049 0.39941781 0.03440595 0.89155378 0.7487251  0.05128358
 0.09918347 0.08821581 0.77322885 0.4333279  0.57696467 0.42612135
 0.835722   0.44856079 0.66888605 0.92221525 0.09651252 0.12451045
 0.92516288 0.71759903 0.23269499 0.33648197 0.01483793 0.14975859
 0.4625587  0.39564216 0.6724985  0.70551581 0.66072758 0.94189403
 0.47702992 0.27500981 0.60649473 0.44397469 0.76989254 0.57970688
 0.59508042 0.12625871 0.81330324 0.94737232 0.37030037 0.87157771
 0.4084286  0.53244363 0.91783557 0.35276459 0.18896693 0.44203608
 0.12775229 0.33213332 0.08868523 0.30589242 0.68941872 0.30752772
 0.92313804 0.17665615 0.4602479  0.2304091  0.88271004 0.75590175
 0.02558895 0.38112809 0.04545501 0.05455585 0.86287781 0.43758605
 0.99330603 0.7716926  0.7175398  0.71179742 0.31185459 0.25013181
 0.08392111 0.23890545 0.95164307 0.91129706 0.24735629 0.14068081
 0.00260188 0.02299344 0.16091591 0.99258021 0.88208728 0.60649382
 0.10537154 0.3694281  0.62686765 0.06301823 0.57724967 0.84760215
 0.70378296 0.77138796 0.83554606 0.24554445 0.01738612 0.29181126
 0.99017165 0.13890627 0.92776151 0.10591148 0.68976965 0.48014453
 0.7060443  0.98153118 0.21416878 0.10117868 0.16852848 0.25396883
 0.14236225 0.20902871 0.23562969 0.43069007 0.07270714 0.91086382
 0.81052518 0.71614796 0.96548479 0.60000111 0.30497516 0.09814607
 0.86584259 0.77908573 0.57021591 0.61559992 0.37296586 0.97003119
 0.65528165 0.40195345 0.65739364 0.63711795 0.78472295 0.51521462
 0.9948614  0.9205869  0.09284208 0.22075898 0.71631497 0.38978739
 0.18313795 0.73489343 0.34036724 0.92381731 0.25974093 0.09328436
 0.62021656 0.87452447 0.21293243 0.9363911  0.7011524  0.48458117
 0.69250103 0.71849936 0.600863   0.60406254 0.74915642 0.95853954
 0.0599305  0.79520287 0.66378322 0.39172445 0.7078435  0.07263935
 0.71210613 0.35008404 0.01720256 0.65461338 0.72115836 0.21644602
 0.79792777 0.3493205  0.50391998 0.29510432 0.9211974  0.70823834
 0.56567874 0.39719197 0.02443715 0.62978631 0.84602516 0.97133868
 0.99037124 0.5326066  0.76751812 0.36207735 0.80030885 0.22186365
 0.63642789 0.08057105 0.65909019 0.49332433 0.22762198 0.26018808
 0.20947776 0.90057149 0.44741778 0.47940818 0.99035765 0.30819248
 0.713518   0.08524932 0.05140286 0.42157712 0.08271831 0.48829808
 0.70231613 0.95446568 0.34809717 0.7157447  0.82204933 0.42140366
 0.46271163 0.452463   0.80456984 0.79406374 0.45040922 0.35192977
 0.86253417 0.73470427 0.83819782 0.26346815 0.77026046 0.56239959
 0.13840547 0.97869227 0.68472055 0.00882373 0.80601309 0.08282572
 0.08487854 0.75179329 0.05303052 0.90570421 0.20703016 0.44131732
 0.31937783 0.64747415 0.20313983 0.44559222 0.78816873 0.99391549
 0.06459004 0.24451469 0.08603447 0.54214424 0.84389785 0.22207537
 0.84931642 0.41418906 0.27099806 0.87307429 0.92484634 0.11843583
 0.38882584 0.36560322 0.60909758 0.45308317 0.85998911 0.41261691
 0.02382366 0.37941925 0.59938467 0.2824146  0.35813977 0.23133441
 0.31698063 0.12778327 0.22938408 0.86060718 0.63878944 0.84865895
 0.67860743 0.46419536 0.82942076 0.46958466 0.65544788 0.23029549
 0.68549399 0.51356719 0.24562228 0.83134789 0.45154742 0.5485861
 0.68898941 0.89694089 0.19638561 0.39092393 0.48216242 0.01155878
 0.46880492 0.46504683 0.99231016 0.5775607  0.43124887 0.0969611
 0.36194445 0.59660383 0.2978228  0.83331766 0.56660605] -> [18.0, 0.0012010827728555315], [0.60251416 0.16523518 0.08753383 0.69426691 0.13629734 0.23314485
 0.94789499 0.74392397 0.92219337 0.24857158 0.40798729 0.89405968
 0.58747351 0.66787949 0.80681506 0.56580857 0.33046964 0.52118398
 0.12404922 0.31590823 0.97170794 0.69636297 0.0672438  0.63283375
 0.81875087 0.56520034 0.0047239  0.08344211 0.18278832 0.80034727
 0.99220528 0.87342815 0.37531569 0.68153145 0.88991391 0.02594238
 0.16685983 0.25443931 0.17366528 0.66925873 0.93528343 0.50685993
 0.87643015 0.34239434 0.95491288 0.70822424 0.6804034  0.15089991
 0.81278619 0.43976967 0.11616193 0.02078858 0.00473423 0.95793875
 0.2003072  0.78827585 0.20555343 0.17972229 0.95636801 0.48660663
 0.57034495 0.54975584 0.90646856 0.99876826 0.75243713 0.19922157
 0.98888476 0.23891932 0.15746177 0.63372429 0.01041058 0.27063689
 0.34043654 0.56683662 0.24968966 0.22404805 0.82204697 0.98434951
 0.33535091 0.81700812 0.45147078 0.0602609  0.83533014 0.85674506
 0.03508349 0.06794582 0.16566627 0.73423998 0.86066801 0.87986163
 0.57732999 0.15660484 0.83956426 0.75648874 0.8647517  0.15914991
 0.58279609 0.51654888 0.81218167 0.62892865 0.560942   0.87072045
 0.37288639 0.81227835 0.13015498 0.30941266 0.5769457  0.71871092
 0.38319286 0.57019892 0.58432298 0.39592313 0.66743977 0.65849592
 0.21294835 0.20797533 0.98201242 0.64540601 0.32878701 0.14070962
 0.53442339 0.374835   0.94826585 0.55541695 0.02979144 0.23172087
 0.0943555  0.53623931 0.20479776 0.38502311 0.48954774 0.06805663
 0.03699987 0.89670339 0.13223839 0.24389861 0.81608207 0.12136346
 0.28486743 0.40577944 0.3414974  0.1998556  0.72496394 0.74874354
 0.11741941 0.7135979  0.33701834 0.84969245 0.14907566 0.63275846
 0.70733424 0.86089922 0.30902391 0.29817951 0.14888673 0.26221039
 0.72881847 0.5548085  0.5885034  0.51203298 0.75979717 0.10891383
 0.17907031 0.62084063 0.7346082  0.48267169 0.78418557 0.97620099
 0.96759714 0.156146   0.4541534  0.96527549 0.03749482 0.40400912
 0.15056791 0.72093414 0.39510197 0.46331896 0.95378918 0.90810211
 0.26711565 0.82754349 0.26517476 0.95250262 0.92500144 0.7860824
 0.73657811 0.40504805 0.04981159 0.56240953 0.21853991 0.13281643
 0.8556219  0.88249267 0.80780682 0.45104924 0.44693617 0.76436455
 0.61192339 0.98705854 0.46121429 0.60789337 0.41834289 0.95686101
 0.23902281 0.29836762 0.67721658 0.73479503 0.69770766 0.45617662
 0.66785914 0.12893148 0.61847681 0.27946228 0.39213011 0.15096534
 0.92784307 0.57979005 0.49258085 0.16109357 0.9939721  0.93446829
 0.12522419 0.04123785 0.35777146 0.38690288 0.25800866 0.08976748
 0.72875956 0.8402353  0.95357854 0.74232004 0.66022162 0.49073909
 0.04575551 0.83880115 0.22592217 0.13508194 0.99891673 0.34642163
 0.54439892 0.41168677 0.06212221 0.10861123 0.62568905 0.67498207
 0.44547205 0.14272816 0.94603658 0.23632929 0.07764198 0.49003244
 0.86803845 0.83215276 0.65443399 0.07308405 0.39845039 0.70963152
 0.28357427 0.62042233 0.22842752 0.21655256 0.56431323 0.49848301
 0.1487745  0.64611463 0.98475857 0.00815229 0.65701395 0.21723281
 0.35790867 0.93035988 0.73214692 0.89984787 0.23348038 0.95841296
 0.76766286 0.807712   0.52286351 0.39285337 0.43725481 0.1069252
 0.8749451  0.09952176 0.95380424 0.91879166 0.26492154 0.60132617
 0.33979209 0.84626657 0.01329832 0.17869893 0.6875386  0.45990544
 0.82168309 0.40338105 0.97015717 0.66108963 0.44274336 0.35942879
 0.07185171 0.21395306 0.23413326 0.96268731 0.60542652 0.11126963
 0.87935991 0.93628321 0.37759892 0.94216525 0.66945205 0.76984013
 0.3599978  0.42508768 0.71373363 0.42202465 0.33910969 0.12002596
 0.15766953 0.06042223 0.97758645 0.47280299 0.51496243] -> [18.0, 0.0012010827728555315], [0.43871115 0.48410429 0.092226   0.98260206 0.07229082 0.45582051
 0.41512612 0.55890032 0.58099679 0.07917935 0.90325246 0.1258472
 0.07154853 0.38209541 0.58993715 0.64600779 0.32217346 0.8115312
 0.01848465 0.22744898 0.21394684 0.81957751 0.95880148 0.30537188
 0.18137874 0.56544158 0.17915199 0.64462489 0.08074167 0.52920101
 0.01425622 0.85832251 0.76297521 0.10821653 0.8750578  0.37108598
 0.49427456 0.77881857 0.26507032 0.16930983 0.53713486 0.28809113
 0.24305647 0.40188196 0.62937926 0.43374797 0.27971679 0.05028033
 0.98135514 0.79803242 0.78837911 0.55297379 0.37771918 0.54922061
 0.63960151 0.25603101 0.98298594 0.81837288 0.22678395 0.55525477
 0.0941543  0.11833927 0.63977277 0.58242839 0.54877719 0.41613194
 0.65771122 0.4336276  0.03731781 0.82028633 0.31473606 0.92128491
 0.68125556 0.78780089 0.94560288 0.58946967 0.73488945 0.53624924
 0.85200033 0.9102225  0.89317085 0.03463176 0.07144366 0.09122246
 0.57902918 0.85237828 0.44826308 0.39465083 0.80588667 0.60675395
 0.87073165 0.54898518 0.69943092 0.00747042 0.58796696 0.08885536
 0.93771253 0.89920297 0.86838493 0.13075372 0.75567197 0.96630309
 0.03637177 0.95135699 0.18011439 0.24038798 0.16376141 0.460703
 0.19485432 0.8844554  0.33511682 0.35385763 0.51939922 0.71656871
 0.2364013  0.32628496 0.74760287 0.41350418 0.1604225  0.24364971
 0.19847353 0.24012473 0.09728908 0.16661771 0.16375667 0.16541426
 0.9745031  0.7935933  0.25812448 0.02123986 0.12794768 0.7213034
 0.14500625 0.86800916 0.4825379  0.82279912 0.10829117 0.22140558
 0.41789041 0.90249876 0.82050335 0.49097775 0.34198018 0.71572979
 0.16702719 0.66488577 0.87335584 0.19672277 0.13191027 0.07436384
 0.54937316 0.32001457 0.7243266  0.86761996 0.44399572 0.72145689
 0.15417987 0.52796519 0.3525032  0.52223378 0.39707572 0.73863661
 0.73577305 0.2536766  0.95186381 0.65653156 0.83775533 0.1443132
 0.42912634 0.91238139 0.92145288 0.41078827 0.52095302 0.51359654
 0.02522506 0.65207186 0.41202401 0.46373319 0.80416143 0.92697644
 0.84506237 0.50121776 0.19445055 0.45286383 0.60744682 0.69994914
 0.87584944 0.80693595 0.26107486 0.96121344 0.91528424 0.28020018
 0.81681564 0.64647834 0.22045191 0.96023462 0.06171144 0.6634015
 0.34651735 0.54985765 0.1407003  0.45338532 0.32296654 0.46450344
 0.58673016 0.49764239 0.19971197 0.99711913 0.34294756 0.466942
 0.48109483 0.00521853 0.58130975 0.83719568 0.71343067 0.33041138
 0.13109885 0.05866768 0.15719019 0.76885143 0.25285326 0.11928613
 0.28398707 0.39182926 0.80525375 0.20271115 0.76644557 0.63159177
 0.23325061 0.89205432 0.93067665 0.04675605 0.55300124 0.22001919
 0.96011218 0.77741758 0.19518123 0.47833651 0.67069877 0.89796107
 0.50946452 0.03019649 0.32817172 0.23475004 0.91677855 0.18831435
 0.71964522 0.81118064 0.96686477 0.83639403 0.23394638 0.49891595
 0.09239699 0.88441704 0.31258608 0.03560663 0.88096496 0.91176379
 0.47107768 0.26234592 0.86956829 0.49929076 0.15176218 0.95320746
 0.48795591 0.39339718 0.75206856 0.011669   0.47765142 0.78054808
 0.21972885 0.83094389 0.26708537 0.63189349 0.12457564 0.40023113
 0.3145642  0.66734316 0.65177339 0.76046491 0.81154995 0.97959171
 0.97351646 0.19703175 0.46373503 0.96836152 0.74517798 0.42338073
 0.46102025 0.77816279 0.7745252  0.42379525 0.67881576 0.44982209
 0.91428834 0.09917084 0.50388193 0.82306765 0.95216038 0.19943707
 0.98704285 0.60004759 0.40949974 0.93989716 0.10724679 0.87660066
 0.05500492 0.16664843 0.30096692 0.55718116 0.67578232 0.89778505
 0.79730604 0.83959352 0.25282981 0.82530039 0.15317561 0.17646417
 0.70755585 0.31621836 0.85336725 0.77281519 0.49842102] -> [21.0, 0.0010010627728555316], [5.82602511e-01 9.61084131e-01 7.72239138e-01 1.62367930e-01
 3.33325541e-01 5.63855292e-01 8.70963461e-01 8.85214228e-01
 8.30802743e-01 2.71144260e-01 3.93698072e-01 6.99944932e-01
 8.69826001e-01 3.84042514e-01 5.59805523e-01 9.10157498e-01
 7.78956638e-02 1.34517995e-01 9.60397537e-01 7.51147556e-01
 8.45417589e-01 1.42089271e-01 8.12081948e-01 7.28884632e-01
 4.32926712e-01 3.90725041e-01 8.88697863e-01 3.82603570e-01
 8.76768924e-01 8.73319612e-01 1.29864023e-01 1.48673943e-01
 8.44548974e-01 7.63165248e-01 7.57529174e-01 5.70512436e-01
 4.06814757e-01 3.99953166e-01 7.20135802e-01 7.95179298e-01
 4.72647068e-01 6.48163949e-01 2.02392327e-02 6.11418707e-01
 6.01736511e-01 8.55105138e-01 3.76140614e-01 9.17383712e-01
 2.18543156e-01 9.11534845e-01 6.26188748e-01 8.78249929e-01
 7.47477875e-01 1.51988289e-01 1.54021695e-01 3.67867335e-02
 2.54475066e-01 3.46560900e-01 9.89505292e-01 7.43234211e-01
 4.19452850e-01 2.67341619e-01 8.63557923e-01 1.56856265e-01
 5.62228426e-01 4.42838695e-02 8.23129922e-01 8.89659565e-01
 9.10770533e-01 8.95199384e-02 4.24948388e-02 4.98890523e-01
 7.33299451e-01 9.63546711e-01 2.49270878e-04 3.84434992e-01
 3.89711166e-01 2.48917075e-01 6.19947567e-01 9.78378383e-01
 3.00254382e-01 4.29346758e-01 8.98918112e-01 4.91332487e-01
 3.10103906e-01 6.72058558e-01 4.07985913e-01 4.21389265e-01
 6.41376926e-01 9.48243955e-02 8.30786805e-01 6.07448947e-01
 4.30425491e-01 9.97882381e-01 6.74571826e-01 9.70134928e-01
 3.66665953e-01 2.50804713e-01 7.12719752e-01 6.01322224e-01
 8.22094895e-01 2.47180354e-01 3.42338288e-01 9.35539400e-01
 2.38607089e-01 8.37581228e-01 1.07055879e-01 9.89108939e-01
 4.00007535e-01 8.63164241e-01 4.21997831e-01 9.93866411e-01
 7.45652296e-01 2.82566655e-01 9.54994128e-01 1.03571895e-01
 9.29441450e-01 7.80657834e-01 7.73113944e-01 2.78668861e-01
 3.70765332e-01 5.75916765e-01 8.38755680e-01 3.37702281e-01
 1.05850375e-01 7.64210570e-01 7.19096696e-01 4.19846430e-01
 4.65579087e-01 6.91246679e-01 2.27384581e-01 2.66045242e-01
 5.01928105e-01 2.89106728e-01 9.57035538e-01 9.71156861e-01
 7.90856598e-01 8.11231002e-01 3.89696142e-01 5.44023573e-01
 8.60355095e-01 4.13162040e-01 6.03382579e-02 7.58830839e-01
 4.44216083e-01 5.47228021e-01 6.12213459e-02 2.04295096e-01
 1.75035615e-01 9.79132694e-01 5.22819957e-01 7.91655366e-01
 3.17245577e-01 8.26164324e-01 7.18806100e-01 3.93443181e-01
 7.25900922e-01 2.76093268e-01 5.60739282e-02 8.88893088e-01
 5.93671992e-02 8.21342065e-01 5.49304167e-01 7.30921666e-01
 8.45310833e-01 5.01607723e-01 2.08111328e-01 9.83095446e-01
 8.79919698e-01 5.93601102e-01 7.99618499e-01 4.86791388e-01
 7.97542109e-01 7.42495628e-01 2.92374897e-01 7.95786894e-01
 1.26177501e-01 6.56032856e-01 6.06932951e-01 9.33461369e-01
 6.38739908e-01 6.71215593e-01 4.53712795e-01 2.89817654e-01
 3.32562722e-01 7.05033617e-01 4.99486430e-01 6.60415393e-01
 7.33916720e-01 4.86033048e-01 7.83516271e-01 9.95185983e-01
 9.94853308e-02 8.72416592e-01 9.77363601e-01 1.90012487e-01
 8.80994673e-01 1.76666045e-01 9.60886124e-01 7.84243846e-01
 4.30188938e-01 2.17628262e-01 7.38318928e-01 1.54981650e-01
 5.54606878e-01 8.72469634e-01 5.85986852e-01 9.69094102e-02
 1.46082155e-01 8.88297406e-02 8.47942052e-01 4.63472420e-01
 5.65477681e-01 3.31093076e-01 5.33324220e-01 2.81487969e-01
 9.47316599e-01 3.16926946e-01 7.14203131e-02 9.76151446e-01
 3.69902295e-01 5.87048557e-01 4.48581461e-01 1.62760773e-02
 7.39034655e-01 9.42431277e-01 7.48593143e-01 5.55294741e-01
 4.60141215e-01 1.30564117e-01 5.86015188e-01 6.46560061e-01
 5.83297885e-01 4.94368198e-01 8.44194766e-02 2.90831449e-01
 4.89301056e-01 8.75734093e-01 3.76051961e-01 5.50124450e-01
 4.27252728e-01 2.29586884e-01 9.33085443e-01 1.92440329e-02
 5.84755286e-01 7.12214963e-01 2.48509115e-01 4.99041938e-01
 7.44523040e-01 6.48354127e-01 1.39053364e-01 2.15798716e-01
 4.25416277e-01 9.29510156e-01 7.38580310e-01 9.87058815e-01
 3.04633526e-01 6.41353101e-01 5.66334744e-01 1.23976854e-01
 8.81924814e-01 7.61085845e-01 5.80629168e-01 8.33940189e-01
 1.96718234e-01 6.75765612e-01 3.95997391e-01 4.14404309e-01
 4.95698222e-02 3.91802342e-02 7.73132410e-01 3.70203020e-01
 1.43275488e-01 2.87758346e-01 3.18565603e-01 9.82621157e-01
 3.17648633e-01 7.14701178e-01 1.21761950e-01 3.02606029e-01
 9.74945736e-01 9.57708530e-01 1.63540362e-01 1.00381259e-02
 7.97006569e-01 5.43617699e-01 9.51618756e-01 8.80192553e-01
 4.14642668e-01 1.21608217e-01 5.04228576e-01 8.09136992e-01
 7.01743786e-01 9.20094192e-02 6.49814045e-01 4.00647082e-01
 1.65120509e-01 7.13117512e-01 1.64273656e-01 7.51901180e-01
 1.28081493e-01 2.03210686e-01 9.36301595e-01 2.98014646e-01
 5.77352947e-01 3.87292056e-01 1.87674814e-01 9.21077066e-01
 3.71343735e-01 3.00665557e-01 9.73680971e-01 1.84940471e-01
 5.13065416e-01 6.93686941e-01 2.63621160e-01 7.43640056e-01
 6.85379879e-01 4.80077837e-01 2.82365254e-01 8.04406981e-01
 3.75067049e-01 9.04681304e-01 5.25219616e-01] -> [21.0, 0.0010010627728555316], [0.19615424 0.01193392 0.63454168 0.58818529 0.66215819 0.15255629
 0.96634371 0.8461353  0.52625268 0.90873482 0.68342417 0.75854414
 0.10492522 0.52029451 0.05169388 0.14402098 0.4390553  0.87943714
 0.42774953 0.97718319 0.11378127 0.39679365 0.09621664 0.3396678
 0.25076049 0.39941781 0.03440595 0.89155378 0.7487251  0.05128358
 0.09918347 0.08821581 0.77322885 0.4333279  0.57696467 0.42612135
 0.835722   0.44856079 0.66888605 0.92221525 0.09651252 0.12451045
 0.92516288 0.71759903 0.23269499 0.33648197 0.01483793 0.14975859
 0.4625587  0.39564216 0.6724985  0.70551581 0.53443813 0.94189403
 0.516081   0.27500981 0.60649473 0.44397469 0.76989254 0.57970688
 0.59508042 0.12625871 0.81330324 0.94737232 0.37030037 0.87157771
 0.4084286  0.53244363 0.91783557 0.35276459 0.18896693 0.44203608
 0.12775229 0.33213332 0.08868523 0.30589242 0.68941872 0.30752772
 0.92313804 0.17665615 0.4602479  0.2304091  0.88271004 0.75590175
 0.02558895 0.38112809 0.04545501 0.05455585 0.86287781 0.43758605
 0.99330603 0.7716926  0.7175398  0.71179742 0.31185459 0.25013181
 0.08392111 0.23890545 0.95164307 0.91129706 0.24735629 0.14068081
 0.00260188 0.02299344 0.16091591 0.99258021 0.88208728 0.60649382
 0.10537154 0.3694281  0.62686765 0.06301823 0.57724967 0.84760215
 0.70378296 0.77138796 0.83554606 0.24554445 0.01738612 0.29181126
 0.99017165 0.13890627 0.39260393 0.10591148 0.68976965 0.48014453
 0.7060443  0.98153118 0.21416878 0.10117868 0.16852848 0.25396883
 0.14236225 0.20902871 0.23562969 0.43069007 0.07270714 0.91086382
 0.81052518 0.71614796 0.52788648 0.60000111 0.30497516 0.09814607
 0.86584259 0.77908573 0.57021591 0.61559992 0.37296586 0.97003119
 0.65528165 0.40195345 0.65739364 0.63711795 0.78472295 0.51521462
 0.9948614  0.9205869  0.09284208 0.22075898 0.71631497 0.38978739
 0.18313795 0.73489343 0.34036724 0.92381731 0.25974093 0.09328436
 0.62021656 0.87452447 0.21293243 0.9363911  0.7011524  0.48458117
 0.69250103 0.71849936 0.600863   0.60406254 0.74915642 0.95853954
 0.0599305  0.79520287 0.66378322 0.39172445 0.7078435  0.07263935
 0.71210613 0.35008404 0.01720256 0.65461338 0.72115836 0.21644602
 0.79792777 0.3493205  0.50391998 0.29510432 0.9211974  0.70823834
 0.56567874 0.39719197 0.02443715 0.62978631 0.84602516 0.97133868
 0.99037124 0.5326066  0.76751812 0.36207735 0.80030885 0.3897049
 0.63642789 0.08057105 0.65909019 0.49332433 0.22762198 0.26018808
 0.20947776 0.90057149 0.44741778 0.47940818 0.99035765 0.30819248
 0.713518   0.08524932 0.05140286 0.42157712 0.08271831 0.48829808
 0.70231613 0.95446568 0.34809717 0.7157447  0.82204933 0.42140366
 0.46271163 0.51455502 0.80456984 0.79406374 0.45040922 0.35192977
 0.86253417 0.73470427 0.83819782 0.26346815 0.77026046 0.56239959
 0.13840547 0.97869227 0.68472055 0.19115808 0.80601309 0.08282572
 0.08487854 0.75179329 0.05303052 0.90570421 0.20703016 0.44131732
 0.31937783 0.91827847 0.20313983 0.44559222 0.78816873 0.99391549
 0.06459004 0.24451469 0.08603447 0.54214424 0.84389785 0.78127867
 0.85159775 0.41418906 0.27099806 0.75691636 0.92484634 0.11843583
 0.38882584 0.61747409 0.60909758 0.45308317 0.85998911 0.35632952
 0.02382366 0.37941925 0.59938467 0.2824146  0.35813977 0.23133441
 0.31698063 0.12778327 0.22938408 0.86060718 0.63878944 0.84865895
 0.67860743 0.46419536 0.82942076 0.46958466 0.65544788 0.23029549
 0.68549399 0.51356719 0.24562228 0.83134789 0.45154742 0.5485861
 0.68898941 0.89694089 0.81447375 0.39092393 0.48216242 0.01155878
 0.46880492 0.46504683 0.99231016 0.5775607  0.43124887 0.0969611
 0.36194445 0.59660383 0.2978228  0.83331766 0.56660605] -> [18.0, 0.0012010827728555315]]