[[0.79789624 0.05176554 0.12048696 0.98726963 0.74895349 0.57191861
 0.96725896 0.35016415 0.16379932 0.03566008 0.36104259 0.62962923
 0.50146101 0.84094671 0.05925376 0.34919761 0.23315119 0.50029936
 0.4403025  0.28521079 0.5324571  0.88164478 0.02215259 0.84559674
 0.16418425 0.8727168  0.67121592 0.154955   0.30716467 0.10808863
 0.04483043 0.5360568  0.03597179 0.23991593 0.20691538 0.42803444
 0.09850389 0.70064379 0.41332698 0.51860087 0.16357766 0.18765544
 0.52894894 0.89276974 0.89627465 0.31846892 0.44489725 0.12022375
 0.83338647 0.86716103 0.37653411 0.65790592 0.41178962 0.11978577
 0.69438934 0.36387848 0.79303273 0.63314006 0.42976817 0.33915846
 0.87756067 0.48634504 0.26564375 0.71540866 0.18764871 0.86224445
 0.69764375 0.56911379 0.45173516 0.67583633 0.90831063 0.43765484
 0.79008723 0.02374264 0.20323767 0.18046882 0.02828465 0.40346389
 0.12817132 0.52630851 0.37377473 0.82421822 0.28211179 0.38953179
 0.08865875 0.42985121 0.96282388 0.20229994 0.15089529 0.75461033
 0.44026756 0.62790112 0.68305706 0.05751011 0.57305137 0.13826144
 0.42148067 0.08059297 0.79672067 0.7580776  0.7617632  0.23933367
 0.50474473 0.01215982 0.65106712 0.13504526 0.46600719 0.04588042
 0.87236401 0.49242191 0.7582656  0.33382614 0.54600514 0.41615404
 0.04757241 0.03285866 0.18019767 0.62128849 0.27315372 0.07416789
 0.85898084 0.59111563 0.19622777 0.9530076  0.30256612 0.29440393
 0.21024824 0.238931   0.48930989 0.50455354 0.79391613 0.61167527
 0.97618196 0.11768362 0.06575944 0.10205864 0.23995923 0.94816104
 0.3683757  0.01500102 0.34841645 0.17969383 0.56787419 0.40740297
 0.16817203 0.28720212 0.79542408 0.9495697  0.57512741 0.26889443
 0.12291429 0.63333016 0.37211536 0.9410698  0.90977781 0.83629051
 0.56779071 0.10221785 0.93223963 0.3049627  0.79706092 0.47196563
 0.73058629 0.95354978 0.77711044 0.38907041 0.64876393 0.60254463
 0.80434441 0.29796305 0.94303513 0.82482406 0.27973205 0.17829001
 0.01078547 0.60634513 0.59359041 0.9367376  0.37698145 0.28619298
 0.93296119 0.85974591 0.66111797 0.56491382 0.61738728 0.83732135
 0.34179161 0.07765178 0.3221128  0.38749469 0.53498475 0.50571871
 0.74176956 0.6007219  0.99170191 0.81174609 0.01748456 0.71964568
 0.79961012 0.69464561 0.8220546  0.06324137 0.70502836 0.52046694
 0.84263816 0.88424821 0.44196361 0.87735145 0.06455849 0.94060958
 0.08182933 0.43570596 0.5292544  0.69502207 0.07360403 0.15647012
 0.92314643 0.06576496 0.00164696 0.18738711 0.37306557 0.04301919
 0.19616804 0.9011353  0.30511455 0.9448329  0.29288167 0.78322838
 0.91276041 0.02721138 0.99506564 0.01465476 0.83961878 0.78805756
 0.35075965 0.27015776 0.03503699 0.3763137  0.38274919 0.38974804
 0.07457898 0.83799525 0.92494023 0.85193419 0.24183457 0.16658716
 0.0240552  0.87365452 0.69854897 0.23025974 0.4965828  0.98768023
 0.05897315 0.25161183 0.47143136 0.45411661 0.62384386 0.40927781
 0.40018621 0.59330437 0.45198217 0.6853384  0.50101483 0.36881148
 0.47436486 0.59943238 0.55762159 0.45465464 0.18170003 0.08491678
 0.52407837 0.66051142 0.90531025 0.14158388 0.35492923 0.956697
 0.00823576 0.85926652 0.20950007 0.58923143 0.40944004 0.62223866
 0.05749187 0.37875991 0.76500468 0.64973797 0.22669438 0.60084303
 0.33456672 0.65851747 0.97468556 0.95697921 0.29060398 0.38654548
 0.62737014 0.30870793 0.13999559 0.08998391 0.25774407 0.553313  ] -> [26.0, 0.0006010105914990161], [0.28096743 0.5527396  0.45194816 0.3612242  0.7871549  0.0976273
 0.98187532 0.05824936 0.25269919 0.36381448 0.26740266 0.17465346
 0.29130867 0.44192396 0.98647484 0.31677573 0.40970863 0.56371004
 0.98753255 0.8924118  0.41286501 0.23946014 0.5579151  0.56915744
 0.01921257 0.99860083 0.8048106  0.67205448 0.12442829 0.92752933
 0.15541167 0.7345075  0.90129834 0.95400616 0.18628008 0.06798392
 0.78538382 0.24970783 0.34552687 0.62604754 0.87562637 0.20509553
 0.51059023 0.6469305  0.96646941 0.73900664 0.06401075 0.95099712
 0.77741536 0.89514503 0.30457132 0.30170795 0.74113612 0.21515741
 0.43334041 0.16580988 0.10781363 0.85646648 0.50394275 0.1567839
 0.63581067 0.85311671 0.78587984 0.9020781  0.53760654 0.46959093
 0.54746592 0.60680828 0.47854416 0.03926497 0.95404332 0.9103274
 0.16788811 0.72287558 0.63375856 0.31632097 0.80513982 0.939082
 0.37463003 0.56148141 0.7399764  0.39775679 0.05129108 0.55837028
 0.91512011 0.37123277 0.58288376 0.08929099 0.12107776 0.50404422
 0.06693072 0.30366545 0.28234794 0.8224779  0.99426538 0.9588227
 0.75860059 0.83142543 0.27967329 0.67898023 0.28480154 0.02228555
 0.77367407 0.42410877 0.86915463 0.29203138 0.05418312 0.25654666
 0.1752013  0.57950343 0.32616066 0.83060336 0.96049363 0.21205702
 0.25025091 0.51224463 0.95924507 0.20770549 0.31251614 0.16927535
 0.37995178 0.0626325  0.3853085  0.30712142 0.28918135 0.16001528
 0.96299441 0.45158953 0.80394781 0.03594512 0.01749671 0.22560151
 0.57524701 0.9141216  0.71135618 0.19522328 0.82354779 0.5497666
 0.1533624  0.58388344 0.72967374 0.27762764 0.01958567 0.76097186
 0.00181096 0.73566062 0.45749161 0.55020955 0.04373619 0.21212565
 0.37755193 0.00361675 0.92505042 0.0916091  0.84332674 0.71843674
 0.14310977 0.46594977 0.87790516 0.31367639 0.6871104  0.00507157
 0.69398745 0.35801502 0.95566031 0.04133874 0.74955774 0.32406721
 0.9811242  0.62391959 0.95548353 0.35086536 0.11065698 0.47640674
 0.38851063 0.5217119  0.44791393 0.39321262 0.33346258 0.77526155
 0.42121881 0.43756476 0.95477553 0.20060755 0.98296439 0.99916352
 0.74890455 0.27946609 0.58633858 0.24531602 0.86529813 0.62013445
 0.58192812 0.45704701 0.00551397 0.17295136 0.23024548 0.9541338
 0.70411142 0.56081437 0.93399155 0.34844973 0.45178676 0.7146527
 0.73171012 0.72172079 0.06251192 0.63712666 0.92814419 0.42408309
 0.04806359 0.30821724 0.55570799 0.34094763 0.30771216 0.36459816
 0.40727762 0.60683571 0.96811332 0.72813621 0.7752659  0.65416097
 0.94926611 0.84811153 0.6317978  0.99740474 0.39374035 0.13558535
 0.77599214 0.1037679  0.57691703 0.44483991 0.18032845 0.39043884
 0.14464126 0.61072637 0.41583631 0.16044566 0.78956412 0.83394409
 0.51980191 0.51617075 0.94334793 0.10253028 0.13141556 0.04362054
 0.79179952 0.97829729 0.05733695 0.27513361 0.16693333 0.66536504
 0.00232228 0.46138575 0.0193772  0.17747491 0.27728345 0.99189024
 0.01632738 0.14589049 0.73280966 0.92786417 0.5252633  0.98073411
 0.97627059 0.10285457 0.65250301 0.84358201 0.22933313 0.33276757
 0.85502698 0.21590159 0.78093994 0.6689603  0.33985885 0.52726123
 0.62476938 0.35973885 0.4493052  0.86843635 0.49671299 0.98510329
 0.68343395 0.36951425 0.41623847 0.81650079 0.81912449 0.80404097
 0.80809144 0.013871   0.06030437 0.03322687 0.08015192 0.44001971
 0.54469325 0.30629248 0.54835377 0.8628007  0.27816555 0.071029  ] -> [18.0, 0.0012008431541805959], [0.16650785 0.09542602 0.84492963 0.13902373 0.23652104 0.46939227
 0.30907182 0.96736105 0.00610903 0.47995423 0.46511446 0.00202081
 0.53637863 0.14793843 0.52491395 0.10013703 0.85051021 0.48320281
 0.55006217 0.19278089 0.31449041 0.72566486 0.19855321 0.69686751
 0.82882849 0.76887355 0.53648596 0.201675   0.23522504 0.1428238
 0.03502991 0.31972004 0.26150187 0.20507954 0.26680891 0.92885815
 0.51232599 0.66803193 0.53522521 0.50941931 0.69368168 0.36084244
 0.57309229 0.83126476 0.19755848 0.36724016 0.26462099 0.35255661
 0.58047922 0.58474732 0.44828428 0.67552409 0.08897964 0.51012309
 0.95835937 0.13808194 0.38431639 0.38034996 0.26332662 0.54717357
 0.17594155 0.13235473 0.96894355 0.26792497 0.24958544 0.83562804
 0.41194408 0.82214512 0.72944254 0.5576851  0.82244822 0.08404851
 0.67217701 0.80383863 0.11457721 0.75038572 0.50744732 0.66084713
 0.78311471 0.68986486 0.85583053 0.63161922 0.64165395 0.58405706
 0.28197185 0.8694271  0.96374028 0.44281993 0.83294061 0.08149479
 0.22217758 0.61272042 0.54503757 0.70612037 0.62525492 0.74756023
 0.29413106 0.22597356 0.14566871 0.44107953 0.92733631 0.27237611
 0.69136475 0.96851543 0.34603966 0.66186451 0.88389891 0.7719015
 0.7933158  0.28351584 0.1736355  0.10740791 0.39396531 0.55826104
 0.56514726 0.78486819 0.34388028 0.01125961 0.75300404 0.79055352
 0.80070342 0.29490779 0.19937048 0.74870556 0.8999157  0.63565843
 0.61757128 0.41249656 0.18473615 0.39513693 0.87045314 0.71725287
 0.40895847 0.50325942 0.06979566 0.6636116  0.83781361 0.99164242
 0.48848885 0.29590071 0.46394527 0.54453612 0.98633061 0.49075512
 0.56111384 0.11540209 0.87425347 0.75563401 0.13096203 0.52537871
 0.13982136 0.36844561 0.61639911 0.44345446 0.8717076  0.74893668
 0.83149519 0.99374434 0.04321006 0.21098881 0.36106355 0.45089172
 0.41244965 0.55311485 0.22481922 0.74733264 0.12060606 0.80056345
 0.56542736 0.69886634 0.21860825 0.92127288 0.16509644 0.29139227
 0.37445392 0.79001743 0.17094422 0.52959578 0.33990241 0.36486215
 0.7969243  0.15316817 0.15214092 0.52925613 0.5360584  0.69091067
 0.61836615 0.96687775 0.11593619 0.65157302 0.27531087 0.13336164
 0.27228689 0.32807891 0.7006347  0.10542388 0.07167142 0.53019695
 0.15839672 0.3748734  0.16699899 0.62980544 0.2742151  0.84258338
 0.54833258 0.42794467 0.2308513  0.43902014 0.43801273 0.8735676
 0.71982365 0.46259942 0.20680875 0.94235939 0.97405059 0.16081726
 0.74501114 0.50492343 0.85327151 0.00918861 0.36166892 0.17868166
 0.12985509 0.0445989  0.81927386 0.42178051 0.75301842 0.86521309
 0.61119312 0.90281418 0.24165084 0.62559142 0.098239   0.92818378
 0.82763512 0.99571144 0.63510836 0.1257175  0.99046657 0.25285648
 0.88891116 0.67587012 0.09147667 0.91987563 0.18298911 0.53269255
 0.54161039 0.93968911 0.58191924 0.33547141 0.40635131 0.25770414
 0.11625801 0.67240725 0.52030132 0.24351146 0.26304603 0.23774548
 0.33786434 0.72331694 0.42658672 0.96248611 0.53069731 0.46800771
 0.65097803 0.67341166 0.71996697 0.15764857 0.16142501 0.74958088
 0.81714214 0.95697844 0.98247353 0.74658677 0.78216051 0.5113527
 0.3936773  0.49170436 0.90563867 0.23049841 0.58515825 0.2532532
 0.6952142  0.59177096 0.18818041 0.71732652 0.97018776 0.15286156
 0.33413559 0.0266855  0.84154233 0.64034864 0.69059973 0.24526711
 0.83510741 0.27604094 0.14355276 0.35951252 0.36435917 0.3166565 ] -> [20.0, 0.0008009620310591074], [0.62986386 0.07546774 0.233089   0.73464941 0.11720926 0.87538782
 0.82204732 0.65547205 0.72756666 0.55439623 0.90168906 0.48535347
 0.25424849 0.70585439 0.64083394 0.14686415 0.68351348 0.45776136
 0.80954477 0.98706632 0.14517093 0.63021905 0.10792862 0.44501889
 0.1052048  0.87855588 0.85880569 0.71807993 0.97502122 0.56553067
 0.76035547 0.09508676 0.99527809 0.84316467 0.14388561 0.76909182
 0.95310769 0.65517945 0.12785061 0.4543358  0.55274642 0.54024167
 0.5562227  0.55240647 0.6504717  0.4292495  0.81823996 0.75714932
 0.43404609 0.08235015 0.46943201 0.85837668 0.79349824 0.78759587
 0.22897556 0.13989886 0.02287582 0.64997117 0.41301457 0.11343472
 0.85390032 0.35548243 0.79215522 0.13060103 0.8960498  0.67205258
 0.71920079 0.54460197 0.56772755 0.25465793 0.06219406 0.53756039
 0.22636099 0.599545   0.5098349  0.95679905 0.55593799 0.9463169
 0.76330859 0.88554076 0.52809049 0.61896597 0.26916765 0.59833974
 0.13023999 0.19232553 0.74593655 0.61628296 0.70774333 0.62267916
 0.50893451 0.2694753  0.05275618 0.9957738  0.37514606 0.95593449
 0.98873766 0.8609452  0.50377807 0.63847885 0.54140825 0.95485751
 0.5426947  0.55498664 0.62612271 0.1387412  0.68170766 0.6305071
 0.05871831 0.49938225 0.82385403 0.24462711 0.94670816 0.86232485
 0.63673935 0.51151562 0.5484459  0.81956307 0.87163405 0.63436708
 0.50143806 0.87359413 0.46079552 0.70100207 0.45735815 0.63836307
 0.61009269 0.97444047 0.93959158 0.39578242 0.64684341 0.71457508
 0.26750388 0.20470258 0.29186977 0.67883819 0.60695254 0.61200989
 0.74477586 0.44395824 0.99604709 0.42669049 0.66775847 0.38831147
 0.45537465 0.07873216 0.53716962 0.07107091 0.87688992 0.4373813
 0.98337309 0.35668607 0.55783471 0.40288729 0.7346543  0.65072931
 0.16169274 0.20475925 0.29550786 0.34520455 0.21420284 0.74689239
 0.41836765 0.90440028 0.07072142 0.73228191 0.91443686 0.17059536
 0.54986497 0.84963002 0.10729726 0.8733841  0.4544437  0.88621826
 0.59338943 0.85923835 0.50514234 0.14510981 0.24669575 0.03974001
 0.81214552 0.6540385  0.7813409  0.63088363 0.51121807 0.83671863
 0.13882255 0.85397293 0.13507036 0.88387097 0.00754724 0.09855312
 0.64378882 0.62759229 0.81924437 0.28349995 0.28626861 0.63394629
 0.69825501 0.07897451 0.27220215 0.97306805 0.21846941 0.80594626
 0.11560084 0.48151249 0.82257533 0.36453128 0.22088719 0.7347888
 0.72917558 0.149122   0.60182278 0.44797791 0.05899067 0.74713986
 0.65301742 0.80996864 0.70889298 0.30645284 0.68342796 0.16021261
 0.74528808 0.99630676 0.93661329 0.00815803 0.99642349 0.97464756
 0.12436985 0.17621469 0.89968149 0.17206764 0.8258767  0.43285949
 0.90963531 0.523052   0.95775737 0.66547453 0.5933846  0.12941786
 0.82396456 0.68860335 0.03839359 0.20591737 0.83434396 0.17865651
 0.64047471 0.18547463 0.19310173 0.00109688 0.73640616 0.38462228
 0.62458659 0.26329405 0.13591446 0.85274734 0.12227684 0.43623519
 0.28777956 0.70758043 0.07419436 0.28136334 0.99443909 0.00676329
 0.35107228 0.75915032 0.18740105 0.84172018 0.28264875 0.24509282
 0.94844503 0.14837545 0.12488256 0.38911668 0.36585479 0.63764571
 0.43606688 0.97537732 0.89741621 0.6855791  0.02813168 0.77484921
 0.3440314  0.5352994  0.21061845 0.14313605 0.92223755 0.58425148
 0.89353183 0.99161471 0.64922785 0.74484569 0.95776563 0.18104874
 0.38304134 0.34083059 0.42785591 0.30122286 0.1550307  0.78197306] -> [25.0, 0.0008008047976223612], [9.35263557e-01 5.15526147e-01 7.77713555e-01 2.69610522e-01
 6.52388254e-01 1.12908497e-01 2.15669898e-01 1.23070598e-01
 9.16094749e-01 2.96012435e-02 5.35643162e-01 3.31240741e-01
 9.92981954e-01 3.88423724e-01 3.89373229e-01 2.33687918e-01
 2.07502535e-01 6.76227859e-01 8.38742953e-01 8.73643332e-01
 8.40309332e-01 3.03147675e-02 3.37940654e-01 2.42831845e-01
 3.97465819e-01 9.19295769e-01 9.30932604e-01 9.97802261e-01
 1.10548733e-02 5.31597345e-03 2.32949208e-01 2.12117796e-01
 3.80721292e-01 8.84776447e-01 6.52766847e-01 7.42945445e-01
 6.94982840e-01 7.78259296e-01 6.47815118e-01 3.65719581e-01
 4.42268823e-01 1.81707135e-01 4.67377445e-01 9.93093864e-01
 1.21646305e-01 8.27732720e-01 7.68759890e-01 8.31377446e-01
 2.16121723e-01 6.04511286e-01 1.77900101e-01 4.44847437e-01
 6.05715746e-01 2.88508728e-01 8.83286507e-01 9.87203032e-01
 2.14788583e-01 4.26990898e-01 6.87585088e-01 2.74958367e-01
 7.31683687e-01 7.93582594e-01 3.61762706e-01 5.49484403e-01
 8.17117249e-01 9.20487159e-01 5.31748939e-01 5.91830395e-01
 3.69775666e-01 8.78965555e-02 3.05296548e-01 1.57558222e-01
 2.59636224e-01 9.93556637e-01 3.35363157e-01 8.54621216e-01
 6.42819603e-01 5.41990120e-01 1.80169852e-01 9.80852121e-01
 6.58104695e-01 4.93971694e-01 8.98669641e-01 8.97978463e-02
 6.93260860e-01 4.14087148e-01 3.09534569e-01 3.57249307e-01
 7.32882652e-01 2.69960410e-01 6.58561805e-01 4.01558291e-01
 5.72752909e-01 1.32493754e-01 3.14457706e-01 1.37446213e-01
 5.55613525e-02 7.69698590e-01 9.58270762e-01 9.86030081e-01
 2.33866888e-01 5.25292283e-01 1.56656501e-01 2.45955217e-01
 4.43180569e-01 9.94803542e-01 4.87412228e-01 3.81070835e-01
 5.84514732e-01 6.16625330e-01 1.23589307e-01 2.05506889e-01
 6.76694180e-01 8.48289685e-01 3.07283814e-02 5.70082450e-01
 6.07626698e-04 4.27155528e-01 3.68013004e-01 6.27802878e-01
 1.22408039e-01 8.51603075e-01 7.80951072e-01 4.01273563e-01
 8.61923389e-01 5.14363209e-01 8.68057707e-01 6.56257566e-01
 1.16113132e-02 7.98926414e-01 1.36432492e-01 8.51529647e-01
 2.71074491e-01 4.34156200e-01 9.75388969e-01 7.24597119e-01
 7.51546846e-01 2.72023109e-01 1.76217292e-01 2.22367827e-01
 5.49454359e-01 2.07710714e-01 3.32485237e-01 3.52636768e-01
 9.85885987e-02 3.62498947e-01 4.93581172e-01 8.88598366e-01
 7.99557437e-01 7.90043006e-01 2.04750402e-01 7.47625476e-01
 2.37285539e-01 4.02083865e-01 8.27299468e-01 6.67957838e-01
 8.56492293e-01 3.59280550e-01 5.53086851e-01 2.00979358e-01
 6.54215177e-02 6.34704693e-01 3.09167747e-01 9.11364538e-01
 5.90437294e-01 6.43103388e-01 2.57863146e-01 1.47405083e-01
 2.35121638e-01 2.37194584e-01 6.58471241e-01 2.99684481e-01
 7.46535404e-02 1.86667093e-01 1.86508590e-01 8.33116238e-01
 1.60704810e-01 9.68568862e-01 4.59256465e-01 2.16789190e-02
 2.53236748e-01 4.16423938e-01 8.96469187e-01 1.34608162e-01
 5.20399496e-01 2.74695365e-01 9.16151328e-01 8.33852252e-01
 5.78851821e-02 5.53054620e-01 4.90122629e-02 1.06784965e-02
 9.60522766e-01 9.12659999e-01 3.90172360e-01 4.21162951e-01
 2.62810562e-01 8.14122463e-01 1.92944307e-01 4.63096799e-01
 5.03051674e-01 6.52518396e-01 5.97099793e-01 7.76424435e-01
 2.06844412e-01 6.48911777e-01 4.41321388e-01 4.89683348e-01
 3.12757772e-01 4.35360422e-01 8.08634804e-01 1.38710815e-01
 8.79217044e-01 1.08619492e-03 2.56749500e-01 9.63969294e-01
 6.15616309e-01 5.24032535e-01 6.98122141e-01 1.06736323e-01
 8.48651608e-01 4.39761422e-01 2.36820727e-01 1.06085982e-01
 3.23624913e-01 8.52011900e-01 5.70818159e-01 4.26866370e-01
 2.99370976e-01 6.61986070e-01 9.30066137e-01 9.35311190e-02
 9.47735757e-01 4.78861645e-01 8.86780322e-01 2.35999711e-01
 1.37666080e-01 8.83922921e-01 5.94918833e-01 5.07134839e-01
 3.74260332e-01 8.24963746e-01 9.94482957e-01 2.83125721e-01
 5.70719236e-01 9.75681281e-01 7.78440746e-01 6.26677950e-01
 3.65598679e-01 1.73036606e-01 5.73891917e-01 1.07288507e-02
 4.28205063e-01 6.14776317e-01 3.88653687e-01 8.23463822e-01
 2.24705909e-01 8.63331887e-01 6.26841012e-01 3.40774252e-01
 2.21849543e-02 9.09068995e-01 4.77189443e-01 4.77937592e-01
 1.54147154e-01 9.03803785e-01 3.12024738e-01 3.65714014e-02
 8.49735485e-01 3.89057886e-01 9.81878487e-01 4.13057018e-01
 8.17571970e-01 3.41956386e-02 6.92601906e-01 5.08909454e-01
 5.22715132e-01 3.17534571e-01 8.55630814e-01 8.87305945e-01
 9.22336104e-01 3.05389830e-01 6.63767991e-01 1.45749605e-01
 7.28281658e-03 1.90054967e-01 5.63435459e-01 2.28003860e-01
 4.83786931e-01 1.70330277e-01 9.06621665e-01 5.04702611e-02
 3.20884988e-01 3.57334309e-02 2.96401695e-01 8.08801087e-01
 7.18638024e-01 9.76814124e-01 1.23699511e-02 5.76235198e-01] -> [22.0, 0.0008009491439346093], [0.73092926 0.25557283 0.4797548  0.21342709 0.16617497 0.74452752
 0.0934718  0.58463458 0.59568323 0.58372116 0.17211737 0.39477997
 0.90938003 0.79979217 0.23495011 0.37341941 0.45348382 0.58352684
 0.64269351 0.94849605 0.93368687 0.32960982 0.52302868 0.8501194
 0.43377808 0.23141194 0.54618735 0.40594723 0.10560634 0.14907472
 0.40354862 0.24893762 0.66582014 0.09136628 0.17706189 0.18294919
 0.55133534 0.31587614 0.88285555 0.7478462  0.85484218 0.39734477
 0.17040575 0.60959096 0.8809405  0.8355201  0.92764882 0.5410683
 0.2825968  0.03737865 0.5377843  0.74212646 0.35640695 0.06218686
 0.88691253 0.73932871 0.72473191 0.16808807 0.0300146  0.11313104
 0.77224244 0.8284387  0.31691147 0.49511014 0.61776912 0.76161161
 0.42699291 0.81082959 0.13813274 0.07327029 0.72694134 0.84852032
 0.88661082 0.12788899 0.71492565 0.33053987 0.3918384  0.72825908
 0.37244218 0.50016725 0.43423838 0.3087518  0.76448288 0.21231503
 0.87531565 0.69442867 0.50729255 0.92504461 0.59167269 0.38607156
 0.90054754 0.88924109 0.87730673 0.77851071 0.52391276 0.7046042
 0.03799363 0.75599249 0.87612497 0.39068683 0.95879846 0.67586008
 0.26145158 0.78583396 0.87240105 0.4814969  0.23612019 0.36265461
 0.50450192 0.59555811 0.71651792 0.32539884 0.20376517 0.41689102
 0.78382393 0.61537702 0.48309926 0.95608131 0.35702255 0.35982042
 0.6768438  0.33215258 0.20178637 0.48291456 0.07821916 0.90874464
 0.18378696 0.76635365 0.84198188 0.59434324 0.46160442 0.03225912
 0.69179474 0.67309657 0.24751199 0.39568763 0.96931855 0.96921248
 0.42940693 0.63818742 0.24521    0.80732778 0.64683046 0.06934729
 0.19965296 0.64452192 0.33479522 0.60610199 0.25802427 0.52509044
 0.36375782 0.36175948 0.88411692 0.27856308 0.99805949 0.29747154
 0.42776797 0.85729797 0.01673389 0.13776595 0.82169387 0.83358396
 0.53109867 0.86631775 0.24363797 0.52568715 0.61604644 0.42237112
 0.93137963 0.38761699 0.16065816 0.31228372 0.08969428 0.44039198
 0.41690906 0.32597967 0.92190362 0.45544118 0.9416527  0.98681208
 0.33722886 0.99055733 0.31905917 0.23203922 0.29591974 0.21920241
 0.55209904 0.01518511 0.14336918 0.97672325 0.64347727 0.4144376
 0.06143864 0.24516629 0.73155187 0.70527418 0.58131512 0.55254971
 0.2635601  0.44518199 0.10315443 0.64358882 0.22696866 0.32519782
 0.65314274 0.23850969 0.08443974 0.53681409 0.3943638  0.78246523
 0.47959238 0.40555405 0.92643769 0.97391265 0.76801548 0.05861852
 0.18042656 0.47977018 0.87561243 0.68960983 0.25571027 0.09773783
 0.27190817 0.6389285  0.89574788 0.78012863 0.31955878 0.37322104
 0.13103552 0.34818317 0.07882122 0.35863398 0.62138063 0.66710807
 0.56677415 0.32985603 0.12693759 0.05729777 0.81898819 0.55882495
 0.40708078 0.79081473 0.8350632  0.19847489 0.0457045  0.2502853
 0.97816871 0.99860686 0.80896784 0.00236388 0.0628313  0.87487984
 0.87140588 0.54217648 0.52659783 0.49615026 0.35904498 0.93192116
 0.63792299 0.12797936 0.72129665 0.25618269 0.46593364 0.55845682
 0.54906597 0.94049074 0.15637108 0.86398139 0.74633217 0.45613893
 0.48200593 0.02471526 0.02150708 0.21223115 0.8695447  0.77294352
 0.08286689 0.58176506 0.52664523 0.94162428 0.0859243  0.26975639
 0.02524558 0.35206838 0.55983076 0.66332873 0.70298098 0.08416787
 0.67331545 0.81669739 0.86876591 0.78424052 0.92477836 0.40096283
 0.31389389 0.51559334 0.13514783 0.88838157 0.70067201 0.17913687] -> [19.0, 0.0010009831863284511], [0.41309889 0.48732371 0.5534547  0.21372296 0.05772117 0.75623356
 0.096035   0.19353564 0.57936695 0.4686501  0.17211737 0.79234419
 0.98372174 0.73527542 0.44755757 0.36757327 0.96758863 0.58360271
 0.59056687 0.58706156 0.76908455 0.48900559 0.85095336 0.85718635
 0.55140579 0.09565066 0.43261301 0.22664385 0.10538525 0.62133859
 0.36645326 0.27464461 0.66582014 0.07328654 0.13232763 0.62656147
 0.5756277  0.58234673 0.63901718 0.78158862 0.989828   0.6024977
 0.37353167 0.61945967 0.88638336 0.5160243  0.90500087 0.4077772
 0.12144292 0.04403805 0.54935604 0.7556619  0.27113715 0.06721053
 0.82446898 0.73932871 0.53320708 0.14031187 0.78814784 0.25483245
 0.76328417 0.8284387  0.8393838  0.09548283 0.23010156 0.76161161
 0.42699291 0.81101989 0.94759884 0.15124679 0.47368808 0.96706002
 0.99391331 0.83730015 0.7560813  0.49098898 0.33905099 0.72242762
 0.62165782 0.48049124 0.42808979 0.3911786  0.81648381 0.20844044
 0.57840114 0.69442867 0.45630154 0.92504461 0.45693787 0.04433331
 0.80878458 0.88671033 0.58835035 0.46554764 0.89449487 0.5780728
 0.80532472 0.54897729 0.71631229 0.44865824 0.95486574 0.01399139
 0.26145158 0.79990573 0.87240105 0.25731403 0.56156715 0.41370466
 0.50079898 0.57925049 0.1517014  0.89026536 0.31550338 0.41689102
 0.78382393 0.41862372 0.27081696 0.84940352 0.7793012  0.7479628
 0.66823691 0.48215091 0.09376768 0.5062001  0.49032238 0.88161878
 0.02204419 0.88095524 0.7706532  0.5649307  0.52689521 0.67942456
 0.69856236 0.69473006 0.21593414 0.39942595 0.97511159 0.50391617
 0.52076014 0.10987564 0.75204097 0.52961757 0.22313249 0.06934729
 0.17010513 0.68259274 0.86108622 0.10731705 0.56856385 0.48274834
 0.42074209 0.32005629 0.93975595 0.58643525 0.99612804 0.15395289
 0.72873686 0.85729797 0.08522022 0.28268886 0.39229971 0.99750348
 0.83150615 0.58877174 0.2830122  0.49850941 0.70045222 0.42237112
 0.88615511 0.56861244 0.8006142  0.51154608 0.08969428 0.40385687
 0.41690906 0.81985044 0.8744927  0.87206094 0.94920298 0.88017334
 0.34193421 0.17330746 0.1734545  0.29476484 0.60861574 0.10275487
 0.99694685 0.01518511 0.10019738 0.97672325 0.64347727 0.41213922
 0.8532033  0.74290785 0.73155187 0.02451024 0.56961644 0.33203065
 0.36560476 0.87621394 0.17657544 0.45454778 0.36961664 0.46006996
 0.96622994 0.7468642  0.03076558 0.61963962 0.76578014 0.12388557
 0.54070473 0.39825216 0.21327086 0.97391265 0.53375477 0.68759566
 0.17139776 0.46443549 0.49431151 0.62401819 0.07268777 0.2931757
 0.3640106  0.42802958 0.80388374 0.95485819 0.22568613 0.3943342
 0.55586116 0.1432906  0.55447498 0.62128319 0.56420081 0.75812864
 0.53531976 0.82133854 0.69669404 0.4496859  0.84938729 0.25946794
 0.46141715 0.76571923 0.28471342 0.08415136 0.44841135 0.2756905
 0.29183749 0.99860686 0.96749781 0.14207343 0.38355201 0.91623178
 0.87919143 0.37582801 0.51916854 0.33966031 0.39217363 0.83940645
 0.77268177 0.32467419 0.37724095 0.44949665 0.06360842 0.56641402
 0.54264742 0.75595634 0.21495193 0.86398139 0.90268139 0.06629475
 0.50013066 0.0139899  0.06628111 0.4064918  0.59254553 0.66167731
 0.05422835 0.6022195  0.61348388 0.23331813 0.01951166 0.98285234
 0.42301946 0.79631039 0.48942785 0.67622999 0.20677354 0.16908805
 0.83183255 0.84923278 0.11179489 0.9222305  0.75457165 0.33673482
 0.23796901 0.51559334 0.36380454 0.84479766 0.60034047 0.84677336] -> [19.0, 0.0010009831863284511], [0.18400946 0.29531277 0.63326121 0.45253636 0.03711484 0.46874347
 0.2667882  0.78060269 0.46792659 0.64605958 0.66106416 0.02088727
 0.31620363 0.41609435 0.52933579 0.83557901 0.83735668 0.35839159
 0.8927851  0.18396287 0.07073275 0.76110089 0.63338558 0.77876631
 0.93868771 0.73842269 0.52372536 0.12997504 0.07612057 0.25443937
 0.93115593 0.32574848 0.19527717 0.39458219 0.12651118 0.94036795
 0.65964396 0.75975981 0.47002128 0.98337447 0.56935716 0.01624642
 0.07369596 0.35619344 0.20283028 0.09989553 0.61123487 0.38107582
 0.50576477 0.05076951 0.68216624 0.90357257 0.08522551 0.52875083
 0.97420593 0.61689783 0.44420271 0.84084772 0.34966675 0.48112568
 0.12179867 0.11095168 0.96534825 0.26250553 0.08578715 0.6797042
 0.91536926 0.84565928 0.46920383 0.05935111 0.69676343 0.06858813
 0.6122167  0.48153129 0.07559382 0.80711989 0.45224955 0.19766917
 0.89031716 0.80857606 0.20811971 0.282737   0.80219485 0.56399025
 0.00676588 0.69899955 0.9752691  0.42703788 0.73724491 0.52675018
 0.9755448  0.89531138 0.46729229 0.86940618 0.58143914 0.65573026
 0.5032799  0.17338619 0.05026435 0.20778045 0.49553321 0.49206334
 0.84190453 0.28966004 0.85052005 0.40741386 0.86688459 0.44022695
 0.67170004 0.0789279  0.7742642  0.0785094  0.13511727 0.93302905
 0.99934927 0.67040268 0.394932   0.47302538 0.4082527  0.80221096
 0.05429995 0.59007852 0.62330876 0.06811754 0.89938132 0.32498381
 0.25233643 0.11148338 0.09282595 0.42202968 0.96814063 0.94075159
 0.20235443 0.48539693 0.23582137 0.90154826 0.68697232 0.96067936
 0.41870031 0.30069345 0.91495191 0.56324621 0.30795113 0.21179681
 0.78232385 0.08754819 0.96743714 0.98068882 0.11412949 0.80322106
 0.228763   0.04771308 0.61439008 0.45563688 0.62846979 0.68684062
 0.72833184 0.49978414 0.25048638 0.14052736 0.33883884 0.56741302
 0.18629479 0.54722597 0.19743433 0.71836112 0.26120524 0.31170647
 0.43982494 0.9361825  0.49457648 0.86161509 0.35043769 0.32629188
 0.08325238 0.76787751 0.91103487 0.86339926 0.45806533 0.86373614
 0.79743359 0.02513186 0.1685563  0.1144439  0.29116193 0.79388186
 0.5492908  0.92869555 0.83261898 0.57205059 0.25401744 0.37423771
 0.50847496 0.02020364 0.52990548 0.14262834 0.53475891 0.32766801
 0.19651633 0.50651114 0.50643657 0.41912173 0.03868328 0.52148787
 0.82305209 0.51132577 0.94915513 0.24703326 0.43478635 0.4282908
 0.64285327 0.42951773 0.20113672 0.92935541 0.53820696 0.15623184
 0.25265612 0.23389336 0.0375447  0.96175754 0.53126765 0.31295081
 0.33422741 0.31651425 0.03565871 0.78906519 0.409351   0.18093529
 0.79280983 0.80486976 0.97422339 0.62759552 0.04160661 0.82490806
 0.96276241 0.43235206 0.32010072 0.52855016 0.73180318 0.22585407
 0.57837703 0.80100031 0.71455865 0.97696908 0.94751222 0.11951882
 0.55806457 0.56276089 0.57096069 0.13658643 0.73572945 0.76980163
 0.15877341 0.46970732 0.35099734 0.22923223 0.23504563 0.76735621
 0.33286227 0.16553639 0.4328545  0.77466826 0.52152673 0.82222841
 0.65258831 0.64962238 0.03694389 0.19498822 0.72235873 0.93700063
 0.86592904 0.19772408 0.8809362  0.20612509 0.78443372 0.03482331
 0.26747074 0.5049512  0.47562989 0.24557159 0.58298321 0.75221092
 0.79760004 0.54696601 0.09402569 0.6805906  0.00351082 0.24454755
 0.83982589 0.10035585 0.97593181 0.41708779 0.09477869 0.1879483
 0.91525395 0.36608241 0.09763253 0.41009615 0.05196408 0.65294923] -> [24.0, 0.000800871715757683], [0.13908967 0.24382154 0.57071242 0.46235189 0.03711484 0.46506233
 0.38976298 0.05808311 0.46792659 0.24176114 0.40690437 0.73746479
 0.43309554 0.38197248 0.73917635 0.83557901 0.63525922 0.33279319
 0.95212427 0.675413   0.47988184 0.68584436 0.53834716 0.23937354
 0.87545554 0.75995678 0.33014701 0.09835767 0.71847208 0.18906435
 0.93115593 0.65639303 0.42170196 0.369926   0.1476891  0.93566193
 0.25929961 0.22931151 0.57657558 0.98337447 0.62284557 0.60483726
 0.48163638 0.32972666 0.3244269  0.46807938 0.45117073 0.19205975
 0.62736922 0.11507766 0.66001914 0.99148661 0.54467084 0.54597391
 0.20608526 0.74806782 0.82009985 0.84084772 0.65494656 0.4610147
 0.69825402 0.53606495 0.88646442 0.82492055 0.15716798 0.79408359
 0.91536926 0.51085323 0.45250912 0.05935111 0.29151195 0.89314794
 0.75453958 0.58930898 0.07720667 0.27692071 0.56918355 0.50827597
 0.69268195 0.79079551 0.08494606 0.58278129 0.75822879 0.84005146
 0.59599273 0.75678425 0.22359329 0.85094219 0.86964826 0.98976794
 0.99799044 0.79592135 0.63970163 0.6080745  0.71187811 0.1921021
 0.95185254 0.2162973  0.67107987 0.45622708 0.49553321 0.49206334
 0.62865686 0.12710674 0.94869882 0.50894386 0.4166197  0.44022695
 0.64717599 0.65425213 0.7742642  0.12918992 0.1457418  0.94089027
 0.89157447 0.63376969 0.74567546 0.47302538 0.33377371 0.60422879
 0.09581086 0.59007852 0.5169875  0.82799793 0.89938132 0.32498381
 0.42218209 0.11148338 0.22965819 0.18690991 0.97805202 0.86454782
 0.20235443 0.48539693 0.33617766 0.86240701 0.04789072 0.29627825
 0.43356205 0.3786179  0.91495191 0.31663228 0.38445205 0.10741971
 0.36668171 0.07387154 0.12831805 0.56893965 0.15905273 0.03232308
 0.22899366 0.08040569 0.83745552 0.35717504 0.10433553 0.35043339
 0.09797788 0.06887989 0.27820399 0.27278914 0.29518662 0.80519816
 0.27262091 0.5933745  0.62066847 0.80942431 0.19307891 0.34585356
 0.4438529  0.86570182 0.45982738 0.83616487 0.31543487 0.32221972
 0.07643127 0.6408566  0.79419757 0.83626403 0.30770822 0.66044632
 0.80813873 0.23321847 0.34360961 0.4034372  0.35301376 0.66369524
 0.6830159  0.17629688 0.864479   0.56559171 0.39159345 0.32389165
 0.31126505 0.1993271  0.63811803 0.30570908 0.62016325 0.29320258
 0.64429491 0.47354037 0.41346119 0.44077578 0.69219219 0.61738967
 0.82305209 0.30327747 0.75426308 0.22279648 0.49137127 0.35956513
 0.04015618 0.82252196 0.79639765 0.14370775 0.00258937 0.27274839
 0.05323963 0.38621545 0.0375447  0.98887444 0.45709725 0.29878084
 0.7039235  0.42117394 0.03565871 0.44659447 0.409351   0.1284734
 0.46539506 0.85903386 0.82775133 0.25010789 0.46230466 0.34576159
 0.75326834 0.03350576 0.46080725 0.54223245 0.23298189 0.52083097
 0.6040709  0.71553252 0.76189194 0.68022698 0.94751222 0.45199615
 0.53456339 0.40451527 0.71070195 0.1575679  0.98057182 0.72717177
 0.23126945 0.03872179 0.37845039 0.2313601  0.18221093 0.65038791
 0.30936949 0.20195566 0.43071077 0.03387993 0.52473927 0.68976508
 0.62562367 0.7695438  0.15412594 0.12219637 0.69751029 0.37807594
 0.93978356 0.19772408 0.71875833 0.33213377 0.72737432 0.13886571
 0.31776196 0.47140802 0.33526073 0.23765577 0.62892402 0.56342437
 0.24994196 0.80190567 0.78706922 0.28446103 0.00167317 0.8696738
 0.70876772 0.09727316 0.98182741 0.75133316 0.20901626 0.3979137
 0.89066912 0.8802982  0.08771274 0.62043103 0.66184568 0.65848356] -> [24.0, 0.000800871715757683], [0.12079988 0.01014497 0.80750027 0.11990937 0.23652104 0.46571085
 0.4303809  0.34212659 0.00610903 0.04237608 0.20910295 0.65499689
 0.65276823 0.08744368 0.7402941  0.10013703 0.6644831  0.45541786
 0.73086492 0.66370138 0.70717419 0.65116467 0.0614966  0.14257389
 0.77078767 0.79050994 0.34029111 0.16027289 0.85871642 0.07268325
 0.03502991 0.64897764 0.48039105 0.17198916 0.28112924 0.92425976
 0.08738967 0.11351936 0.64208284 0.50941931 0.74892667 0.94060617
 0.98545072 0.83393304 0.31496305 0.72809519 0.08452137 0.15405509
 0.70287784 0.58208665 0.42867982 0.70850783 0.4785284  0.52738302
 0.35542688 0.22241595 0.78931934 0.38034996 0.55888835 0.52709152
 0.72058892 0.51756473 0.90292803 0.85460769 0.31160563 0.95663226
 0.41194408 0.50823288 0.71997276 0.5576851  0.45016618 0.88314521
 0.81825812 0.94207054 0.11504706 0.57398402 0.62469039 0.99024577
 0.59383038 0.67526134 0.66868853 0.93669075 0.60232606 0.88284882
 0.83666032 0.94236944 0.39830813 0.91088908 0.97202793 0.88830966
 0.80186083 0.53160001 0.71940673 0.45266695 0.75797983 0.26672895
 0.91065387 0.26862292 0.70457566 0.68910939 0.92733631 0.27237611
 0.48220674 0.97765355 0.61734523 0.76823817 0.25159795 0.7719015
 0.77468989 0.84204826 0.1736355  0.1568966  0.38635847 0.6500779
 0.53241477 0.75475233 0.70440482 0.01125961 0.09184622 0.60003427
 0.77585706 0.29490779 0.04953416 0.92916936 0.8999157  0.63565843
 0.79000028 0.41249656 0.31729604 0.14575751 0.90777608 0.66134045
 0.40895847 0.50325942 0.11488185 0.64360759 0.06166406 0.12487268
 0.50323625 0.37291222 0.46394527 0.2940628  0.52468143 0.31766393
 0.13901805 0.09934651 0.03947746 0.37574536 0.17505329 0.14793164
 0.13692449 0.35523087 0.85367137 0.34431735 0.32050629 0.82223111
 0.14752979 0.94810669 0.01741599 0.33948727 0.31653641 0.71630922
 0.49160959 0.59935208 0.63216165 0.84071574 0.041305   0.86137607
 0.56950642 0.65057283 0.16958521 0.90350827 0.11828373 0.28717081
 0.318484   0.66915883 0.02141784 0.52612703 0.18796249 0.16577446
 0.80765883 0.34575351 0.31369009 0.81385264 0.59502621 0.56182083
 0.75387707 0.41849289 0.13342224 0.64573856 0.41030226 0.05507351
 0.07000571 0.48221729 0.81195664 0.24327503 0.05778409 0.48994009
 0.56720563 0.34095213 0.03061158 0.65276888 0.91256184 0.98366937
 0.54833258 0.21490672 0.02435282 0.4050345  0.49453203 0.85850691
 0.15823371 0.88857713 0.80297477 0.25813086 0.04385802 0.27320668
 0.35560556 0.65434353 0.85327151 0.00857554 0.28563034 0.15915455
 0.79116503 0.05055312 0.81927386 0.07760668 0.75301842 0.80817516
 0.28710985 0.96337371 0.14221508 0.23815641 0.45873101 0.58073565
 0.63098495 0.94633585 0.78016694 0.09366325 0.90493227 0.53817448
 0.96457018 0.59200571 0.06261532 0.67049    0.18298911 0.86447022
 0.51811493 0.90746213 0.72402335 0.34498731 0.91750981 0.21230193
 0.17818243 0.05717399 0.54663666 0.24560561 0.20724376 0.09402768
 0.31425587 0.74283866 0.424442   0.20482896 0.5339107  0.34560109
 0.62406774 0.79631144 0.77680867 0.08240038 0.09502742 0.22176079
 0.91048135 0.95697844 0.93969187 0.89186432 0.92431053 0.55408224
 0.44234933 0.45815154 0.85447    0.22255187 0.63123125 0.02495743
 0.13404584 0.86264838 0.86794576 0.83704273 0.50198695 0.79334946
 0.21072288 0.00906671 0.89011797 0.99707759 0.20393039 0.44782261
 0.8139915  0.84870356 0.13068774 0.56901388 0.98312204 0.32070888] -> [20.0, 0.0008009620310591074], [0.73346536 0.45139733 0.28276674 0.04207263 0.68671112 0.17188708
 0.38588181 0.21591315 0.6906923  0.22222249 0.72596061 0.18049543
 0.69252141 0.05618196 0.47862744 0.45278576 0.75978949 0.7456654
 0.39149638 0.55817782 0.95968144 0.46424662 0.72992128 0.85660554
 0.58122181 0.0437299  0.52295503 0.19681879 0.65295004 0.99909377
 0.80773634 0.62428645 0.25115132 0.8406911  0.69936502 0.2950584
 0.850023   0.20505676 0.91512353 0.94046264 0.82678711 0.55221158
 0.85916887 0.48886116 0.90262467 0.18586429 0.51024179 0.76178361
 0.72822019 0.36420613 0.73239076 0.57084558 0.88219323 0.72784427
 0.63220775 0.72646972 0.93000762 0.99532441 0.2151972  0.35129058
 0.08778046 0.63218106 0.60830553 0.30269523 0.29143045 0.54443705
 0.40556843 0.86252524 0.98749168 0.2761477  0.55466874 0.3818684
 0.17531797 0.29644237 0.77063683 0.04146004 0.22401118 0.87783904
 0.434723   0.85571856 0.15929444 0.75823269 0.99598488 0.10576796
 0.71176094 0.52997147 0.11536586 0.63226154 0.47449096 0.56267748
 0.72841838 0.48631553 0.37265735 0.58196733 0.85644661 0.94331304
 0.82381168 0.57670248 0.26709514 0.93279295 0.66936392 0.18253416
 0.61295233 0.03449249 0.85409465 0.35705378 0.3352167  0.32472396
 0.95832488 0.91688207 0.55107688 0.39872015 0.3986605  0.05651441
 0.84649663 0.89220948 0.53429465 0.23413901 0.20038228 0.57228996
 0.74364259 0.15691065 0.04040519 0.70127973 0.26769424 0.82101838
 0.70511694 0.06119172 0.47320948 0.51140524 0.4198524  0.65120798
 0.29447983 0.76428825 0.36102014 0.93682331 0.48941476 0.72719885
 0.99318482 0.86677746 0.55661749 0.64461864 0.12536808 0.10579258
 0.12060967 0.85103528 0.28750714 0.29823457 0.16777749 0.22291632
 0.54085747 0.41802716 0.14763195 0.9175229  0.20639731 0.12053273
 0.10257403 0.80239082 0.75009473 0.45234576 0.28066171 0.56090626
 0.76815934 0.83170491 0.41114346 0.52825641 0.75709304 0.7732994
 0.69741329 0.55477638 0.2684746  0.68194705 0.6450258  0.32371491
 0.28690898 0.19971937 0.09794832 0.94254726 0.61049117 0.24297582
 0.06027099 0.68248134 0.75136909 0.39309144 0.42135287 0.70402335
 0.94879455 0.46832068 0.94783101 0.96974457 0.9381217  0.39964086
 0.88190002 0.67210397 0.9322441  0.96835559 0.27913721 0.86811195
 0.72369289 0.30084666 0.29268257 0.95062427 0.75476932 0.68702527
 0.52523604 0.25207738 0.90105085 0.28985523 0.07106226 0.80242296
 0.44525025 0.46649754 0.17506968 0.96428783 0.15351126 0.86256114
 0.73730751 0.60794475 0.21174989 0.37350653 0.30719637 0.45078312
 0.67470915 0.78539778 0.14511218 0.61385108 0.16223268 0.0339851
 0.13110148 0.85423841 0.72943492 0.0979458  0.39619272 0.22136816
 0.54510434 0.43639646 0.14049274 0.43581492 0.52511431 0.16785667
 0.44202471 0.22172431 0.25554559 0.88853263 0.39008145 0.4134677
 0.52678901 0.52687553 0.51308079 0.15669082 0.87377352 0.16286127
 0.63469414 0.5122397  0.27215243 0.57725166 0.88352063 0.54177951
 0.54209038 0.02513168 0.64412671 0.67851756 0.90198949 0.62936857
 0.57559619 0.28644094 0.09940828 0.99600205 0.20220012 0.39601788
 0.13223627 0.51152612 0.05401958 0.24791116 0.58150918 0.75412954
 0.77832856 0.20892526 0.97313849 0.06639165 0.829267   0.83945986
 0.14668252 0.97567494 0.17403648 0.19214237 0.27496856 0.21244226
 0.28235815 0.66175084 0.20787591 0.46890465 0.0187142  0.01114208
 0.31128697 0.13911991 0.76936162 0.69950885 0.07379501 0.68523433] -> [19.0, 0.0010009831863284511]]