[26.0, 0.0006010105914990161]
[18.0, 0.0012008431541805959]
[20.0, 0.0008009620310591074]
[25.0, 0.0008008047976223612]
[22.0, 0.0008009491439346093]
[19.0, 0.0010009831863284511]
[19.0, 0.0010009831863284511]
[24.0, 0.000800871715757683]
[24.0, 0.000800871715757683]
[20.0, 0.0008009620310591074]
[19.0, 0.0010009831863284511]
[29.0, 0.0006010105914990161]
[18.0, 0.0012009979322630047]
[26.0, 0.0008005718653494178]
[20.0, 0.000800992633040206]
[19.0, 0.001000985427352237]
[19.0, 0.001000985427352237]
[24.0, 0.0008008915449414009]
[22.0, 0.0008009620310591074]
[25.0, 0.000800871715757683]
[23.0, 0.0008009491439346093]
[21.0, 0.0008009631863284512]
[25.0, 0.000800871715757683]
[23.0, 0.0008009491439346093]
[21.0, 0.0008009631863284512]
[21.0, 0.0008009631863284512]
[21.0, 0.0008009631863284512]
[26.0, 0.0008005946925454075]
[18.0, 0.001201032633040206]
[18.0, 0.001201032633040206]
[19.0, 0.0010010093499349926]
[20.0, 0.0010008247976223612]
[21.0, 0.000800965427352237]
[25.0, 0.0008008933669610038]
[23.0, 0.0008009620310591074]
[24.0, 0.0008009491439346093]
[24.0, 0.0008009491439346093]
[22.0, 0.0008009631863284512]
[21.0, 0.000800965427352237]
[22.0, 0.0008009631863284512]
[22.0, 0.0008009631863284512]
[22.0, 0.0008009631863284512]
[22.0, 0.0008009631863284512]
[22.0, 0.0008009631863284512]
[28.0, 0.0008007351147308969]
[18.0, 0.0014007845932194382]
[20.0, 0.001000891715757683]
[19.0, 0.001200860908868978]
[19.0, 0.001200860908868978]
[21.0, 0.000800992633040206]
[25.0, 0.0008009491439346093]
[24.0, 0.0008009620310591074]
[22.0, 0.000800965427352237]
[21.0, 0.000800992633040206]
[23.0, 0.0008009631863284512]
[22.0, 0.000800965427352237]
[23.0, 0.0008009631863284512]
[23.0, 0.0008009631863284512]
[23.0, 0.0008009631863284512]
[22.0, 0.000800965427352237]
[22.0, 0.000800965427352237]
[22.0, 0.000800965427352237]
[21.0, 0.000800992633040206]
[21.0, 0.000800992633040206]
[21.0, 0.000800992633040206]
[26.0, 0.0008009491439346093]
[19.0, 0.0012009891439346094]
[21.0, 0.0010008247976223612]
[20.0, 0.0010009115449414008]
[22.0, 0.0008009893499349927]
[24.0, 0.0008009631863284512]
[20.0, 0.0010009115449414008]
[23.0, 0.000800965427352237]
[22.0, 0.0008009893499349927]
[24.0, 0.0008009631863284512]
[23.0, 0.000800965427352237]
[24.0, 0.0008009631863284512]
[24.0, 0.0008009631863284512]
[24.0, 0.0008009631863284512]
[24.0, 0.0008009631863284512]
[24.0, 0.0008009631863284512]
[24.0, 0.0008009631863284512]
[24.0, 0.0008009631863284512]
[24.0, 0.0008009631863284512]
[24.0, 0.0008009631863284512]
[24.0, 0.0008009631863284512]
[23.0, 0.000800965427352237]
[23.0, 0.000800965427352237]
[23.0, 0.000800965427352237]
[23.0, 0.000800965427352237]
[23.0, 0.000800965427352237]
[22.0, 0.0008009893499349927]
[22.0, 0.0008009893499349927]
[22.0, 0.0008009893499349927]
[22.0, 0.0008009893499349927]
[22.0, 0.0008009893499349927]
[22.0, 0.0008009893499349927]
[22.0, 0.0008009893499349927]
[27.0, 0.0008009491439346093]
[27.0, 0.0008009491439346093]
[19.0, 0.0012010031863284513]
[19.0, 0.0012010031863284513]
[20.0, 0.0010009691439346092]
[22.0, 0.000800992633040206]
[21.0, 0.001000907033368247]
[26.0, 0.0008009579322630046]
[21.0, 0.001000907033368247]
[20.0, 0.0010009691439346092]
[24.0, 0.000800965427352237]
[23.0, 0.0008009893499349927]
[25.0, 0.0008009631863284512]
[23.0, 0.0008009893499349927]
[22.0, 0.000800992633040206]
[25.0, 0.0008009631863284512]
[24.0, 0.000800965427352237]
[27.0, 0.0008009491439346093]
[27.0, 0.0008009491439346093]
[27.0, 0.0008009491439346093]
[27.0, 0.0008009491439346093]
[25.0, 0.0008009631863284512]
[25.0, 0.0008009631863284512]
[25.0, 0.0008009631863284512]
[25.0, 0.0008009631863284512]
[25.0, 0.0008009631863284512]
[25.0, 0.0008009631863284512]
[25.0, 0.0008009631863284512]
[25.0, 0.0008009631863284512]
[25.0, 0.0008009631863284512]
[25.0, 0.0008009631863284512]
[25.0, 0.0008009631863284512]
[24.0, 0.000800965427352237]
[24.0, 0.000800965427352237]
[23.0, 0.0008009893499349927]
[23.0, 0.0008009893499349927]
[23.0, 0.0008009893499349927]
[23.0, 0.0008009893499349927]
[23.0, 0.0008009893499349927]
[22.0, 0.000800992633040206]
[20.0, 0.0010009691439346092]
[20.0, 0.0010009691439346092]
[20.0, 0.0010009691439346092]
[19.0, 0.0012010031863284513]
[28.0, 0.0008009491439346093]
[19.0, 0.001201005427352237]
[19.0, 0.001201005427352237]
[20.0, 0.0010009779322630045]
[22.0, 0.0008010305914990162]
[21.0, 0.0010009115449414008]
[26.0, 0.0008009620310591074]
[21.0, 0.0010009115449414008]
[20.0, 0.0010009779322630045]
[23.0, 0.000800992633040206]
[22.0, 0.0008010305914990162]
[25.0, 0.000800965427352237]
[24.0, 0.0008009893499349927]
[25.0, 0.000800965427352237]
[24.0, 0.0008009893499349927]
[23.0, 0.000800992633040206]
[25.0, 0.000800965427352237]
[25.0, 0.000800965427352237]
[24.0, 0.0008009893499349927]
[24.0, 0.0008009893499349927]
[24.0, 0.0008009893499349927]
[24.0, 0.0008009893499349927]
[24.0, 0.0008009893499349927]
[24.0, 0.0008009893499349927]
[24.0, 0.0008009893499349927]
[24.0, 0.0008009893499349927]
[24.0, 0.0008009893499349927]
[23.0, 0.000800992633040206]
[23.0, 0.000800992633040206]
[23.0, 0.000800992633040206]
[23.0, 0.000800992633040206]
[23.0, 0.000800992633040206]
[23.0, 0.000800992633040206]
[23.0, 0.000800992633040206]
[22.0, 0.0008010305914990162]
[22.0, 0.0008010305914990162]
[22.0, 0.0008010305914990162]
[21.0, 0.0010009115449414008]
[20.0, 0.0010009779322630045]
[20.0, 0.0010009779322630045]
[19.0, 0.001201005427352237]
[27.0, 0.0008009620310591074]
[19.0, 0.0014010231863284513]
[19.0, 0.0014010231863284513]
[20.0, 0.0010009820310591074]
[22.0, 0.0010005745050684484]
[23.0, 0.0008010305914990162]
[21.0, 0.0010009133669610037]
[20.0, 0.0010009820310591074]
[24.0, 0.000800992633040206]
[23.0, 0.0008010305914990162]
[26.0, 0.0008009631863284512]
[25.0, 0.0008009893499349927]
[25.0, 0.0008009893499349927]
[24.0, 0.000800992633040206]
[26.0, 0.0008009631863284512]
[26.0, 0.0008009631863284512]
[26.0, 0.0008009631863284512]
[26.0, 0.0008009631863284512]
[26.0, 0.0008009631863284512]
[24.0, 0.000800992633040206]
[24.0, 0.000800992633040206]
[24.0, 0.000800992633040206]
[24.0, 0.000800992633040206]
[24.0, 0.000800992633040206]
[24.0, 0.000800992633040206]
[24.0, 0.000800992633040206]
[24.0, 0.000800992633040206]
[24.0, 0.000800992633040206]
[24.0, 0.000800992633040206]
[24.0, 0.000800992633040206]
[24.0, 0.000800992633040206]
[24.0, 0.000800992633040206]
[24.0, 0.000800992633040206]
[24.0, 0.000800992633040206]
[24.0, 0.000800992633040206]
[23.0, 0.0008010305914990162]
[23.0, 0.0008010305914990162]
[20.0, 0.0010009820310591074]
[20.0, 0.0010009820310591074]
[28.0, 0.0008009620310591074]
[20.0, 0.0010009831863284511]
[20.0, 0.0010009831863284511]
[24.0, 0.0008010305914990162]
[23.0, 0.0010006146925454075]
[22.0, 0.0010007194928422216]
[21.0, 0.0010009691439346092]
[23.0, 0.0010006146925454075]
[25.0, 0.000800992633040206]
[24.0, 0.0008010305914990162]
[26.0, 0.000800965427352237]
[25.0, 0.000800992633040206]
[21.0, 0.0010009691439346092]
[27.0, 0.0008009631863284512]
[26.0, 0.000800965427352237]
[27.0, 0.0008009631863284512]
[27.0, 0.0008009631863284512]
[27.0, 0.0008009631863284512]
[26.0, 0.000800965427352237]
[26.0, 0.000800965427352237]
[26.0, 0.000800965427352237]
[25.0, 0.000800992633040206]
[25.0, 0.000800992633040206]
[25.0, 0.000800992633040206]
[25.0, 0.000800992633040206]
[25.0, 0.000800992633040206]
[25.0, 0.000800992633040206]
[25.0, 0.000800992633040206]
[25.0, 0.000800992633040206]
[25.0, 0.000800992633040206]
[25.0, 0.000800992633040206]
[25.0, 0.000800992633040206]
[25.0, 0.000800992633040206]
[24.0, 0.0008010305914990162]
[24.0, 0.0008010305914990162]
[24.0, 0.0008010305914990162]
[24.0, 0.0008010305914990162]
[21.0, 0.0010009691439346092]
[21.0, 0.0010009691439346092]
[21.0, 0.0010009691439346092]
[21.0, 0.0010009691439346092]
[21.0, 0.0010009691439346092]
[20.0, 0.0010009831863284511]
[20.0, 0.0010009831863284511]
[20.0, 0.0010009831863284511]
[20.0, 0.0010009831863284511]
[20.0, 0.0010009831863284511]
[30.0, 0.0008009620310591074]
[20.0, 0.001000985427352237]
[20.0, 0.001000985427352237]
[24.0, 0.0010006146925454075]
[25.0, 0.0008010305914990162]
[28.0, 0.0008009631863284512]
[23.0, 0.0010007194928422216]
[22.0, 0.0010008247976223612]
[21.0, 0.0010009779322630045]
[22.0, 0.0010008247976223612]
[26.0, 0.0008009893499349927]
[25.0, 0.0008010305914990162]
[27.0, 0.000800965427352237]
[26.0, 0.0008009893499349927]
[21.0, 0.0010009779322630045]
[27.0, 0.000800965427352237]
[25.0, 0.0008010305914990162]
[25.0, 0.0008010305914990162]
[25.0, 0.0008010305914990162]
[25.0, 0.0008010305914990162]
[25.0, 0.0008010305914990162]
[25.0, 0.0008010305914990162]
[25.0, 0.0008010305914990162]
[25.0, 0.0008010305914990162]
[22.0, 0.0010008247976223612]
[21.0, 0.0010009779322630045]
[21.0, 0.0010009779322630045]
[21.0, 0.0010009779322630045]
[20.0, 0.001000985427352237]
[20.0, 0.001000985427352237]
[28.0, 0.000800965427352237]
[20.0, 0.0010010126330402059]
[26.0, 0.000800992633040206]
[25.0, 0.0010006061067685766]
[22.0, 0.001000891715757683]
[23.0, 0.0010007272993346064]
[25.0, 0.0010006061067685766]
[24.0, 0.001000714675602511]
[21.0, 0.0010009820310591074]
[21.0, 0.0010009820310591074]
[27.0, 0.0008009893499349927]
[24.0, 0.001000714675602511]
[27.0, 0.0008009893499349927]
[26.0, 0.000800992633040206]
[26.0, 0.000800992633040206]
[26.0, 0.000800992633040206]
[26.0, 0.000800992633040206]
[26.0, 0.000800992633040206]
[26.0, 0.000800992633040206]
[26.0, 0.000800992633040206]
[25.0, 0.0010006061067685766]
[24.0, 0.001000714675602511]
[24.0, 0.001000714675602511]
[21.0, 0.0010009820310591074]
[29.0, 0.000800965427352237]
[20.0, 0.001001050591499016]
[25.0, 0.0010006146925454075]
[26.0, 0.0008010305914990162]
[27.0, 0.000800992633040206]
[24.0, 0.001000744593219438]
[22.0, 0.0010009115449414008]
[23.0, 0.0010008247976223612]
[23.0, 0.0010008247976223612]
[21.0, 0.0010009831863284511]
[21.0, 0.0010009831863284511]
[26.0, 0.0008010305914990162]
[26.0, 0.0008010305914990162]
[26.0, 0.0008010305914990162]
[26.0, 0.0008010305914990162]
[26.0, 0.0008010305914990162]
[21.0, 0.0010009831863284511]
[21.0, 0.0010009831863284511]
[21.0, 0.0010009831863284511]
[21.0, 0.0010009831863284511]
[21.0, 0.0010009831863284511]
[21.0, 0.0010009831863284511]
[21.0, 0.0010009831863284511]
[21.0, 0.0010009831863284511]
[21.0, 0.0010009831863284511]
[21.0, 0.0010009831863284511]
[29.0, 0.000800992633040206]
[20.0, 0.0012009891439346094]
[20.0, 0.0012009891439346094]
[25.0, 0.001000714675602511]
[27.0, 0.0008010305914990162]
[21.0, 0.001000985427352237]
[24.0, 0.001000755114730897]
[22.0, 0.0010009133669610037]
[27.0, 0.0008010305914990162]
[23.0, 0.001000891715757683]
[21.0, 0.001000985427352237]
[23.0, 0.001000891715757683]
[21.0, 0.001000985427352237]
[21.0, 0.001000985427352237]
[21.0, 0.001000985427352237]
[20.0, 0.0012009891439346094]
[28.0, 0.0008010305914990162]
[20.0, 0.0012010020310591076]
[27.0, 0.001000714675602511]
[21.0, 0.0010010093499349926]
[24.0, 0.0010008231541805957]
[25.0, 0.0010007194928422216]
[23.0, 0.001000907033368247]
[23.0, 0.001000907033368247]
[22.0, 0.0010009691439346092]
[22.0, 0.0010009691439346092]
[21.0, 0.0010010093499349926]
[25.0, 0.0010007194928422216]
[25.0, 0.0010007194928422216]
[23.0, 0.001000907033368247]
[22.0, 0.0010009691439346092]
[22.0, 0.0010009691439346092]
[22.0, 0.0010009691439346092]
[22.0, 0.0010009691439346092]
[22.0, 0.0010009691439346092]
[22.0, 0.0010009691439346092]
[22.0, 0.0010009691439346092]
[21.0, 0.0010010093499349926]
[21.0, 0.0010010093499349926]
[26.0, 0.0010007194928422216]
[20.0, 0.0012010031863284513]
[20.0, 0.0012010031863284513]
[21.0, 0.0010010126330402059]
[25.0, 0.001000744593219438]
[24.0, 0.0010008247976223612]
[23.0, 0.0010009115449414008]
[24.0, 0.0010008247976223612]
[23.0, 0.0010009115449414008]
[22.0, 0.0010009779322630045]
[22.0, 0.0010009779322630045]
[21.0, 0.0010010126330402059]
[24.0, 0.0010008247976223612]
[24.0, 0.0010008247976223612]
[24.0, 0.0010008247976223612]
[24.0, 0.0010008247976223612]
[24.0, 0.0010008247976223612]
[22.0, 0.0010009779322630045]
[22.0, 0.0010009779322630045]
[22.0, 0.0010009779322630045]
[22.0, 0.0010009779322630045]
[21.0, 0.0010010126330402059]
[21.0, 0.0010010126330402059]
[21.0, 0.0010010126330402059]
[21.0, 0.0010010126330402059]
[21.0, 0.0010010126330402059]
[21.0, 0.0010010126330402059]
[21.0, 0.0010010126330402059]
[21.0, 0.0010010126330402059]
[20.0, 0.0012010031863284513]
[20.0, 0.0012010031863284513]
[20.0, 0.0012010031863284513]
[20.0, 0.0012010031863284513]
[20.0, 0.0012010031863284513]
[20.0, 0.0012010031863284513]
[27.0, 0.0010007194928422216]
[20.0, 0.001201005427352237]
[20.0, 0.001201005427352237]
[21.0, 0.001001050591499016]
[25.0, 0.0010008231541805957]
[26.0, 0.0010007272993346064]
[24.0, 0.001000891715757683]
[23.0, 0.0010009691439346092]
[24.0, 0.001000891715757683]
[22.0, 0.0010009820310591074]
[21.0, 0.001001050591499016]
[23.0, 0.0010009691439346092]
[22.0, 0.0010009820310591074]
[23.0, 0.0010009691439346092]
[23.0, 0.0010009691439346092]
[23.0, 0.0010009691439346092]
[23.0, 0.0010009691439346092]
[23.0, 0.0010009691439346092]
[23.0, 0.0010009691439346092]
[23.0, 0.0010009691439346092]
[23.0, 0.0010009691439346092]
[23.0, 0.0010009691439346092]
[23.0, 0.0010009691439346092]
[23.0, 0.0010009691439346092]
[23.0, 0.0010009691439346092]
[23.0, 0.0010009691439346092]
[22.0, 0.0010009820310591074]
[22.0, 0.0010009820310591074]
[22.0, 0.0010009820310591074]
[22.0, 0.0010009820310591074]
[22.0, 0.0010009820310591074]
[22.0, 0.0010009820310591074]
[22.0, 0.0010009820310591074]
[21.0, 0.001001050591499016]
[20.0, 0.001201005427352237]
[26.0, 0.001000755114730897]
[20.0, 0.001201032633040206]
[20.0, 0.001201032633040206]
[21.0, 0.0012007645932194382]
[22.0, 0.0010009831863284511]
[25.0, 0.0010008247976223612]
[24.0, 0.001000907033368247]
[24.0, 0.001000907033368247]
[23.0, 0.0010009779322630045]
[25.0, 0.0010008247976223612]
[23.0, 0.0010009779322630045]
[22.0, 0.0010009831863284511]
[25.0, 0.0010008247976223612]
[24.0, 0.001000907033368247]
[23.0, 0.0010009779322630045]
[23.0, 0.0010009779322630045]
[23.0, 0.0010009779322630045]
[23.0, 0.0010009779322630045]
[23.0, 0.0010009779322630045]
[23.0, 0.0010009779322630045]
[23.0, 0.0010009779322630045]
[23.0, 0.0010009779322630045]
[22.0, 0.0010009831863284511]
[22.0, 0.0010009831863284511]
[22.0, 0.0010009831863284511]
[22.0, 0.0010009831863284511]
[22.0, 0.0010009831863284511]
[22.0, 0.0010009831863284511]
[22.0, 0.0010009831863284511]
[22.0, 0.0010009831863284511]
[22.0, 0.0010009831863284511]
[22.0, 0.0010009831863284511]
[22.0, 0.0010009831863284511]
[22.0, 0.0010009831863284511]
[22.0, 0.0010009831863284511]
[22.0, 0.0010009831863284511]
[22.0, 0.0010009831863284511]
[22.0, 0.0010009831863284511]
[22.0, 0.0010009831863284511]
[22.0, 0.0010009831863284511]
[22.0, 0.0010009831863284511]
[22.0, 0.0010009831863284511]
[22.0, 0.0010009831863284511]
[22.0, 0.0010009831863284511]
[22.0, 0.0010009831863284511]
[22.0, 0.0010009831863284511]
[22.0, 0.0010009831863284511]
[26.0, 0.0010008247976223612]
[26.0, 0.0010008247976223612]
[20.0, 0.0014010091439346094]
[21.0, 0.0012008447976223613]
[22.0, 0.001000985427352237]
[24.0, 0.0010009115449414008]
[24.0, 0.0010009115449414008]
[23.0, 0.0010009820310591074]
[23.0, 0.0010009820310591074]
[22.0, 0.001000985427352237]
[26.0, 0.0010008247976223612]
[26.0, 0.0010008247976223612]
[26.0, 0.0010008247976223612]
[26.0, 0.0010008247976223612]
[26.0, 0.0010008247976223612]
[24.0, 0.0010009115449414008]
[24.0, 0.0010009115449414008]
[23.0, 0.0010009820310591074]
[23.0, 0.0010009820310591074]
[23.0, 0.0010009820310591074]
[23.0, 0.0010009820310591074]
[23.0, 0.0010009820310591074]
[23.0, 0.0010009820310591074]
[23.0, 0.0010009820310591074]
[23.0, 0.0010009820310591074]
[22.0, 0.001000985427352237]
[22.0, 0.001000985427352237]
[22.0, 0.001000985427352237]
[22.0, 0.001000985427352237]
[22.0, 0.001000985427352237]
[22.0, 0.001000985427352237]
[22.0, 0.001000985427352237]
[22.0, 0.001000985427352237]
[22.0, 0.001000985427352237]
[27.0, 0.0010008247976223612]
[20.0, 0.0014010220310591076]
[21.0, 0.0012009891439346094]
[22.0, 0.0010010093499349926]
[21.0, 0.0012009891439346094]
[25.0, 0.0010009115449414008]
[25.0, 0.0010009115449414008]
[24.0, 0.0010009691439346092]
[23.0, 0.0010009831863284511]
[22.0, 0.0010010093499349926]
[24.0, 0.0010009691439346092]
[23.0, 0.0010009831863284511]
[25.0, 0.0010009115449414008]
[24.0, 0.0010009691439346092]
[24.0, 0.0010009691439346092]
[24.0, 0.0010009691439346092]
[24.0, 0.0010009691439346092]
[24.0, 0.0010009691439346092]
[24.0, 0.0010009691439346092]
[24.0, 0.0010009691439346092]
[24.0, 0.0010009691439346092]
[24.0, 0.0010009691439346092]
[24.0, 0.0010009691439346092]
[23.0, 0.0010009831863284511]
[23.0, 0.0010009831863284511]
[23.0, 0.0010009831863284511]
[23.0, 0.0010009831863284511]
[23.0, 0.0010009831863284511]
[23.0, 0.0010009831863284511]
[23.0, 0.0010009831863284511]
[23.0, 0.0010009831863284511]
[23.0, 0.0010009831863284511]
[23.0, 0.0010009831863284511]
[23.0, 0.0010009831863284511]
[23.0, 0.0010009831863284511]
[23.0, 0.0010009831863284511]
[23.0, 0.0010009831863284511]
[23.0, 0.0010009831863284511]
[23.0, 0.0010009831863284511]
[23.0, 0.0010009831863284511]
[23.0, 0.0010009831863284511]
[23.0, 0.0010009831863284511]
[23.0, 0.0010009831863284511]
[23.0, 0.0010009831863284511]
[23.0, 0.0010009831863284511]
[23.0, 0.0010009831863284511]
[23.0, 0.0010009831863284511]
[23.0, 0.0010009831863284511]
[23.0, 0.0010009831863284511]
[23.0, 0.0010009831863284511]
[23.0, 0.0010009831863284511]
[23.0, 0.0010009831863284511]
[23.0, 0.0010009831863284511]
[23.0, 0.0010009831863284511]
[23.0, 0.0010009831863284511]
[23.0, 0.0010009831863284511]
[23.0, 0.0010009831863284511]
[23.0, 0.0010009831863284511]
[23.0, 0.0010009831863284511]
[22.0, 0.0010010093499349926]
[22.0, 0.0010010093499349926]
[22.0, 0.0010010093499349926]
[22.0, 0.0010010093499349926]
[21.0, 0.0012009891439346094]
[21.0, 0.0012009891439346094]
[21.0, 0.0012009891439346094]
[21.0, 0.0012009891439346094]
[21.0, 0.0012009891439346094]
[21.0, 0.0012009891439346094]
[21.0, 0.0012009891439346094]
[26.0, 0.0010009115449414008]
[26.0, 0.0010009115449414008]
[20.0, 0.0014010231863284513]
[20.0, 0.0014010231863284513]
[21.0, 0.0012009979322630047]
[22.0, 0.0010010126330402059]
[25.0, 0.0010009691439346092]
[23.0, 0.001000985427352237]
[22.0, 0.0010010126330402059]
[25.0, 0.0010009691439346092]
[24.0, 0.0010009779322630045]
[24.0, 0.0010009779322630045]
[23.0, 0.001000985427352237]
[26.0, 0.0010009115449414008]
[26.0, 0.0010009115449414008]
[25.0, 0.0010009691439346092]
[25.0, 0.0010009691439346092]
[25.0, 0.0010009691439346092]
[25.0, 0.0010009691439346092]
[25.0, 0.0010009691439346092]
[25.0, 0.0010009691439346092]
[25.0, 0.0010009691439346092]
[25.0, 0.0010009691439346092]
[25.0, 0.0010009691439346092]
[25.0, 0.0010009691439346092]
[24.0, 0.0010009779322630045]
[23.0, 0.001000985427352237]
[23.0, 0.001000985427352237]
[23.0, 0.001000985427352237]
[23.0, 0.001000985427352237]
[23.0, 0.001000985427352237]
[23.0, 0.001000985427352237]
[23.0, 0.001000985427352237]
[23.0, 0.001000985427352237]
[22.0, 0.0010010126330402059]
[22.0, 0.0010010126330402059]
[22.0, 0.0010010126330402059]
[22.0, 0.0010010126330402059]
[22.0, 0.0010010126330402059]
[22.0, 0.0010010126330402059]
[22.0, 0.0010010126330402059]
[22.0, 0.0010010126330402059]
[22.0, 0.0010010126330402059]
[20.0, 0.0014010231863284513]
[20.0, 0.0014010231863284513]
[27.0, 0.0010009115449414008]
[20.0, 0.001401025427352237]
[21.0, 0.0012010020310591076]
[22.0, 0.001001050591499016]
[25.0, 0.0010009779322630045]
[26.0, 0.0010009691439346092]
[23.0, 0.0010010093499349926]
[22.0, 0.001001050591499016]
[24.0, 0.0010009820310591074]
[23.0, 0.0010010093499349926]
[26.0, 0.0010009691439346092]
[24.0, 0.0010009820310591074]
[26.0, 0.0010009691439346092]
[26.0, 0.0010009691439346092]
[26.0, 0.0010009691439346092]
[26.0, 0.0010009691439346092]
[24.0, 0.0010009820310591074]
[24.0, 0.0010009820310591074]
[24.0, 0.0010009820310591074]
[24.0, 0.0010009820310591074]
[23.0, 0.0010010093499349926]
[23.0, 0.0010010093499349926]
[23.0, 0.0010010093499349926]
[23.0, 0.0010010093499349926]
[23.0, 0.0010010093499349926]
[23.0, 0.0010010093499349926]
[22.0, 0.001001050591499016]
[22.0, 0.001001050591499016]
[22.0, 0.001001050591499016]
[22.0, 0.001001050591499016]
[22.0, 0.001001050591499016]
[22.0, 0.001001050591499016]
[22.0, 0.001001050591499016]
[22.0, 0.001001050591499016]
[27.0, 0.0010009691439346092]
[27.0, 0.0010009691439346092]
[20.0, 0.001401052633040206]
[22.0, 0.0012007346756025112]
[21.0, 0.0012010031863284513]
[23.0, 0.0010010126330402059]
[25.0, 0.0010009820310591074]
[21.0, 0.0012010031863284513]
[24.0, 0.0010009831863284511]
[23.0, 0.0010010126330402059]
[25.0, 0.0010009820310591074]
[24.0, 0.0010009831863284511]
[27.0, 0.0010009691439346092]
[25.0, 0.0010009820310591074]
[24.0, 0.0010009831863284511]
[24.0, 0.0010009831863284511]
[24.0, 0.0010009831863284511]
[24.0, 0.0010009831863284511]
[24.0, 0.0010009831863284511]
[24.0, 0.0010009831863284511]
[24.0, 0.0010009831863284511]
[24.0, 0.0010009831863284511]
[24.0, 0.0010009831863284511]
[24.0, 0.0010009831863284511]
[24.0, 0.0010009831863284511]
[24.0, 0.0010009831863284511]
[24.0, 0.0010009831863284511]
[24.0, 0.0010009831863284511]
[24.0, 0.0010009831863284511]
[24.0, 0.0010009831863284511]
[24.0, 0.0010009831863284511]
[24.0, 0.0010009831863284511]
[24.0, 0.0010009831863284511]
[24.0, 0.0010009831863284511]
[24.0, 0.0010009831863284511]
[24.0, 0.0010009831863284511]
[24.0, 0.0010009831863284511]
[24.0, 0.0010009831863284511]
[24.0, 0.0010009831863284511]
[24.0, 0.0010009831863284511]
[24.0, 0.0010009831863284511]
[24.0, 0.0010009831863284511]
[24.0, 0.0010009831863284511]
[24.0, 0.0010009831863284511]
[23.0, 0.0010010126330402059]
[23.0, 0.0010010126330402059]
[23.0, 0.0010010126330402059]
[23.0, 0.0010010126330402059]
[21.0, 0.0012010031863284513]
[21.0, 0.0012010031863284513]
[21.0, 0.0012010031863284513]
[21.0, 0.0012010031863284513]
[21.0, 0.0012010031863284513]
[21.0, 0.0012010031863284513]
[21.0, 0.0012010031863284513]
[21.0, 0.0012010031863284513]
[21.0, 0.0012010031863284513]
[21.0, 0.0012010031863284513]
[21.0, 0.0012010031863284513]
[27.0, 0.0010009779322630045]
[20.0, 0.0016010291439346094]
[21.0, 0.001201005427352237]
[22.0, 0.0012007645932194382]
[23.0, 0.001001050591499016]
[25.0, 0.0010009831863284511]
[21.0, 0.001201005427352237]
[24.0, 0.001000985427352237]
[23.0, 0.001001050591499016]
[25.0, 0.0010009831863284511]
[24.0, 0.001000985427352237]
[25.0, 0.0010009831863284511]
[25.0, 0.0010009831863284511]
[25.0, 0.0010009831863284511]
[25.0, 0.0010009831863284511]
[25.0, 0.0010009831863284511]
[25.0, 0.0010009831863284511]
[25.0, 0.0010009831863284511]
[25.0, 0.0010009831863284511]
[25.0, 0.0010009831863284511]
[25.0, 0.0010009831863284511]
[25.0, 0.0010009831863284511]
[25.0, 0.0010009831863284511]
[25.0, 0.0010009831863284511]
[25.0, 0.0010009831863284511]
[25.0, 0.0010009831863284511]
[25.0, 0.0010009831863284511]
[25.0, 0.0010009831863284511]
[25.0, 0.0010009831863284511]
[25.0, 0.0010009831863284511]
[24.0, 0.001000985427352237]
[24.0, 0.001000985427352237]
[24.0, 0.001000985427352237]
[24.0, 0.001000985427352237]
[24.0, 0.001000985427352237]
[24.0, 0.001000985427352237]
[24.0, 0.001000985427352237]
[24.0, 0.001000985427352237]
[24.0, 0.001000985427352237]
[24.0, 0.001000985427352237]
[23.0, 0.001001050591499016]
[23.0, 0.001001050591499016]
[23.0, 0.001001050591499016]
[23.0, 0.001001050591499016]
[23.0, 0.001001050591499016]
[23.0, 0.001001050591499016]
[28.0, 0.0010009779322630045]
[21.0, 0.0012010293499349926]
[24.0, 0.0010010093499349926]
[22.0, 0.0012008447976223613]
[22.0, 0.0012008447976223613]
[24.0, 0.0010010093499349926]
[26.0, 0.0010009831863284511]
[25.0, 0.001000985427352237]
[26.0, 0.0010009831863284511]
[25.0, 0.001000985427352237]
[26.0, 0.0010009831863284511]
[26.0, 0.0010009831863284511]
[26.0, 0.0010009831863284511]
[26.0, 0.0010009831863284511]
[26.0, 0.0010009831863284511]
[26.0, 0.0010009831863284511]
[26.0, 0.0010009831863284511]
[26.0, 0.0010009831863284511]
[25.0, 0.001000985427352237]
[25.0, 0.001000985427352237]
[25.0, 0.001000985427352237]
[24.0, 0.0010010093499349926]
[24.0, 0.0010010093499349926]
[24.0, 0.0010010093499349926]
[24.0, 0.0010010093499349926]
[24.0, 0.0010010093499349926]
[24.0, 0.0010010093499349926]
[22.0, 0.0012008447976223613]
[22.0, 0.0012008447976223613]
[22.0, 0.0012008447976223613]
[29.0, 0.0010009820310591074]
[21.0, 0.001201032633040206]
[21.0, 0.001201032633040206]
[24.0, 0.0010010126330402059]
[23.0, 0.0012008447976223613]
[26.0, 0.001000985427352237]
[22.0, 0.001200911715757683]
[27.0, 0.0010009831863284511]
[23.0, 0.0012008447976223613]
[24.0, 0.0010010126330402059]
[27.0, 0.0010009831863284511]
[27.0, 0.0010009831863284511]
[27.0, 0.0010009831863284511]
[27.0, 0.0010009831863284511]
[24.0, 0.0010010126330402059]
[24.0, 0.0010010126330402059]
[24.0, 0.0010010126330402059]
[24.0, 0.0010010126330402059]
[24.0, 0.0010010126330402059]
[24.0, 0.0010010126330402059]
[24.0, 0.0010010126330402059]
[24.0, 0.0010010126330402059]
[28.0, 0.0010009831863284511]
[28.0, 0.0010009831863284511]
[21.0, 0.0012010705914990163]
[21.0, 0.0012010705914990163]
[24.0, 0.001001050591499016]
[22.0, 0.0012009270333682473]
[22.0, 0.0012009270333682473]
[24.0, 0.001001050591499016]
[26.0, 0.0010010093499349926]
[27.0, 0.001000985427352237]
[25.0, 0.0010010126330402059]
[25.0, 0.0010010126330402059]
[28.0, 0.0010009831863284511]
[25.0, 0.0010010126330402059]
[25.0, 0.0010010126330402059]
[25.0, 0.0010010126330402059]
[25.0, 0.0010010126330402059]
[24.0, 0.001001050591499016]
[24.0, 0.001001050591499016]
[24.0, 0.001001050591499016]
[24.0, 0.001001050591499016]
[24.0, 0.001001050591499016]
[24.0, 0.001001050591499016]
[21.0, 0.0012010705914990163]
[26.0, 0.0010010126330402059]
[26.0, 0.0010010126330402059]
[21.0, 0.0014010179322630047]
[21.0, 0.0014010179322630047]
[24.0, 0.0012007346756025112]
[22.0, 0.0012009891439346094]
[25.0, 0.001001050591499016]
[22.0, 0.0012009891439346094]
[25.0, 0.001001050591499016]
[25.0, 0.001001050591499016]
[25.0, 0.001001050591499016]
[25.0, 0.001001050591499016]
[25.0, 0.001001050591499016]
[25.0, 0.001001050591499016]
[25.0, 0.001001050591499016]
[22.0, 0.0012009891439346094]
[22.0, 0.0012009891439346094]
[22.0, 0.0012009891439346094]
[22.0, 0.0012009891439346094]
[22.0, 0.0012009891439346094]
[22.0, 0.0012009891439346094]
[22.0, 0.0012009891439346094]
[22.0, 0.0012009891439346094]
[22.0, 0.0012009891439346094]
[22.0, 0.0012009891439346094]
[22.0, 0.0012009891439346094]
[22.0, 0.0012009891439346094]
[26.0, 0.001001050591499016]
[21.0, 0.0014010231863284513]
[21.0, 0.0014010231863284513]
[25.0, 0.0012007346756025112]
[22.0, 0.0012009979322630047]
[24.0, 0.0012008447976223613]
[23.0, 0.0012009891439346094]
[24.0, 0.0012008447976223613]
[23.0, 0.0012009891439346094]
[22.0, 0.0012009979322630047]
[24.0, 0.0012008447976223613]
[24.0, 0.0012008447976223613]
[24.0, 0.0012008447976223613]
[24.0, 0.0012008447976223613]
[24.0, 0.0012008447976223613]
[24.0, 0.0012008447976223613]
[24.0, 0.0012008447976223613]
[23.0, 0.0012009891439346094]
[23.0, 0.0012009891439346094]
[23.0, 0.0012009891439346094]
[23.0, 0.0012009891439346094]
[23.0, 0.0012009891439346094]
[23.0, 0.0012009891439346094]
[23.0, 0.0012009891439346094]
[23.0, 0.0012009891439346094]
[23.0, 0.0012009891439346094]
[23.0, 0.0012009891439346094]
[21.0, 0.0014010231863284513]
[21.0, 0.0014010231863284513]
[21.0, 0.0014010231863284513]
[21.0, 0.0014010231863284513]
[24.0, 0.0012009891439346094]
[24.0, 0.0012009891439346094]
[21.0, 0.0016010431863284513]
[21.0, 0.0016010431863284513]
[22.0, 0.0012010020310591076]
[22.0, 0.0012010020310591076]
[22.0, 0.0012010020310591076]
[22.0, 0.0012010020310591076]
[21.0, 0.0016010431863284513]
[25.0, 0.0012009891439346094]
[25.0, 0.0012009891439346094]
[21.0, 0.0018010631863284512]
[22.0, 0.0012010031863284513]
[24.0, 0.0012010020310591076]
[24.0, 0.0012010020310591076]
[22.0, 0.0012010031863284513]
[25.0, 0.0012009891439346094]
[22.0, 0.0012010031863284513]
[22.0, 0.0012010031863284513]
[22.0, 0.0012010031863284513]
[22.0, 0.0012010031863284513]
[22.0, 0.0012010031863284513]
[22.0, 0.0012010031863284513]
[22.0, 0.0012010031863284513]
[22.0, 0.0012010031863284513]
[22.0, 0.0012010031863284513]
[22.0, 0.0012010031863284513]
[22.0, 0.0012010031863284513]
[22.0, 0.0012010031863284513]
[22.0, 0.0012010031863284513]
[22.0, 0.0012010031863284513]
[22.0, 0.0012010031863284513]
[22.0, 0.0012010031863284513]
[26.0, 0.0012009891439346094]
[26.0, 0.0012009891439346094]
[22.0, 0.001201005427352237]
[22.0, 0.001201005427352237]
[23.0, 0.0012010031863284513]
[23.0, 0.0012010031863284513]
[23.0, 0.0012010031863284513]
[23.0, 0.0012010031863284513]
[23.0, 0.0012010031863284513]
[23.0, 0.0012010031863284513]
[23.0, 0.0012010031863284513]
[23.0, 0.0012010031863284513]
[23.0, 0.0012010031863284513]
[23.0, 0.0012010031863284513]
[23.0, 0.0012010031863284513]
[23.0, 0.0012010031863284513]
[23.0, 0.0012010031863284513]
[23.0, 0.0012010031863284513]
[23.0, 0.0012010031863284513]
[23.0, 0.0012010031863284513]
[23.0, 0.0012010031863284513]
[23.0, 0.0012010031863284513]
[23.0, 0.0012010031863284513]
[23.0, 0.0012010031863284513]
[23.0, 0.0012010031863284513]
[22.0, 0.001201005427352237]
[22.0, 0.001201005427352237]
[22.0, 0.001201005427352237]
[28.0, 0.0012009891439346094]
[28.0, 0.0012009891439346094]
[22.0, 0.0012010293499349926]
[22.0, 0.0012010293499349926]
[23.0, 0.001201005427352237]
[24.0, 0.0012010031863284513]
[24.0, 0.0012010031863284513]
[23.0, 0.001201005427352237]
[24.0, 0.0012010031863284513]
[24.0, 0.0012010031863284513]
[24.0, 0.0012010031863284513]
[24.0, 0.0012010031863284513]
