0 inf
1 inf
2 inf
3 inf
4 inf
5 inf
6 inf
7 inf
8 inf
9 inf
10 inf
11 inf
12 inf
13 0.0010009557479113797
14 0.0008010427728555316
15 0.0008010427728555316
16 0.0008010086950409289
17 0.0008009439002777141
18 0.0008009439002777141
19 0.0008007012619130578
20 0.0008006235242468082
21 0.0008005970844815094
22 0.0006009886950409289
23 0.0006009886950409289
24 0.0006009886950409289
25 0.0006010227728555315
26 0.0010010234467727913
27 inf
28 inf
29 inf
30 inf
31 inf
32 inf
33 inf
34 inf
35 inf
36 inf
37 inf
38 inf
39 inf
40 inf
41 inf
42 inf
43 inf
44 inf
45 inf
46 inf
47 inf
48 inf
49 inf
50 inf
51 inf
52 inf
53 inf
54 inf
55 inf
56 inf
57 inf
58 inf
59 inf
60 inf
61 inf
62 inf
63 inf
64 inf
65 inf
66 inf
67 inf
68 inf
69 inf
70 inf
71 inf
72 inf
73 inf
74 inf
75 inf
76 inf
77 inf
78 inf
79 inf
