[22.0, 0.0006009886950409289]
[22.0, 0.0006009886950409289]
[13.0, 0.0010009557479113797]
[13.0, 0.0010009557479113797]
[14.0, 0.0008010427728555316]
[21.0, 0.0008005970844815094]
[19.0, 0.0008007012619130578]
[17.0, 0.0008009439002777141]
[16.0, 0.0008010086950409289]
[19.0, 0.0008007012619130578]
[17.0, 0.0008009439002777141]
[20.0, 0.0008006235242468082]
[16.0, 0.0008010086950409289]
[14.0, 0.0008010427728555316]
[21.0, 0.0008005970844815094]
[20.0, 0.0008006235242468082]
[22.0, 0.0006009886950409289]
[22.0, 0.0006009886950409289]
[22.0, 0.0006009886950409289]
[22.0, 0.0006009886950409289]
[22.0, 0.0006009886950409289]
[22.0, 0.0006009886950409289]
[22.0, 0.0006009886950409289]
[22.0, 0.0006009886950409289]
[22.0, 0.0006009886950409289]
[22.0, 0.0006009886950409289]
[22.0, 0.0006009886950409289]
[22.0, 0.0006009886950409289]
[22.0, 0.0006009886950409289]
[22.0, 0.0006009886950409289]
[22.0, 0.0006009886950409289]
[22.0, 0.0006009886950409289]
[22.0, 0.0006009886950409289]
[22.0, 0.0006009886950409289]
[22.0, 0.0006009886950409289]
[22.0, 0.0006009886950409289]
[22.0, 0.0006009886950409289]
[22.0, 0.0006009886950409289]
[22.0, 0.0006009886950409289]
[22.0, 0.0006009886950409289]
[22.0, 0.0006009886950409289]
[22.0, 0.0006009886950409289]
[22.0, 0.0006009886950409289]
[22.0, 0.0006009886950409289]
[22.0, 0.0006009886950409289]
[22.0, 0.0006009886950409289]
[22.0, 0.0006009886950409289]
[22.0, 0.0006009886950409289]
[22.0, 0.0006009886950409289]
[22.0, 0.0006009886950409289]
[22.0, 0.0006009886950409289]
[22.0, 0.0006009886950409289]
[22.0, 0.0006009886950409289]
[22.0, 0.0006009886950409289]
[22.0, 0.0006009886950409289]
[22.0, 0.0006009886950409289]
[22.0, 0.0006009886950409289]
[22.0, 0.0006009886950409289]
[22.0, 0.0006009886950409289]
[22.0, 0.0006009886950409289]
[22.0, 0.0006009886950409289]
[22.0, 0.0006009886950409289]
[22.0, 0.0006009886950409289]
[22.0, 0.0006009886950409289]
[22.0, 0.0006009886950409289]
[22.0, 0.0006009886950409289]
[22.0, 0.0006009886950409289]
[22.0, 0.0006009886950409289]
[22.0, 0.0006009886950409289]
[22.0, 0.0006009886950409289]
[22.0, 0.0006009886950409289]
[22.0, 0.0006009886950409289]
[22.0, 0.0006009886950409289]
[22.0, 0.0006009886950409289]
[22.0, 0.0006009886950409289]
[22.0, 0.0006009886950409289]
[22.0, 0.0006009886950409289]
[22.0, 0.0006009886950409289]
[22.0, 0.0006009886950409289]
[22.0, 0.0006009886950409289]
[22.0, 0.0006009886950409289]
[22.0, 0.0006009886950409289]
[22.0, 0.0006009886950409289]
[22.0, 0.0006009886950409289]
[22.0, 0.0006009886950409289]
[22.0, 0.0006009886950409289]
[22.0, 0.0006009886950409289]
[22.0, 0.0006009886950409289]
[22.0, 0.0006009886950409289]
[22.0, 0.0006009886950409289]
[22.0, 0.0006009886950409289]
[22.0, 0.0006009886950409289]
[22.0, 0.0006009886950409289]
[22.0, 0.0006009886950409289]
[22.0, 0.0006009886950409289]
[22.0, 0.0006009886950409289]
[22.0, 0.0006009886950409289]
[22.0, 0.0006009886950409289]
[22.0, 0.0006009886950409289]
[22.0, 0.0006009886950409289]
