30 0.0010010770816107832
31 0.0010010657826279403
32 0.0010010424397270295
33 0.0010010424397270295
34 0.0010010073457078846
35 0.0010009969630479626
36 0.0010009240064270208
37 0.001000893148119278
38 0.0008010582640617784
39 0.0008010582640617784
40 0.0008010582640617784
41 0.0008010582640617784
42 0.0008010582640617784
43 0.0008010582640617784
44 0.0008010582640617784
45 0.0008010582640617784
46 0.0010010000005773938
47 0.0010010424397270295
48 0.0010010424397270295
49 0.0010010424397270295
50 0.0010010424397270295
51 0.0010010424397270295
52 0.0010010657826279403
53 0.0010010424397270295
54 0.0010010424397270295
55 0.0012010200005773937
56 0.0012010654141478814
57 0.0012010857826279405
58 0.0012010857826279405
59 0.0010010782640617784
