0 inf
1 inf
2 inf
3 0.0057311017992305695
4 0.004494591082318006
5 0.0037309017992305698
6 0.0033433757505734515
7 0.003108517312379022
8 0.002933085826057354
9 0.002866812587390486
10 0.0026807749306666947
11 0.0026807749306666947
12 0.0026383384109738782
13 0.0025755917738613026
14 0.0025446202863653065
15 0.002521356425200049
16 0.002621129071152532
17 0.002621129071152532
18 0.0027084773123790215
19 0.0027433849453570996
20 0.0027433849453570996
21 0.002864180453432189
22 inf
23 inf
24 inf
25 inf
26 inf
27 inf
28 inf
29 inf
30 inf
31 inf
32 inf
33 inf
34 inf
35 inf
36 inf
37 inf
38 inf
39 inf
40 inf
41 inf
42 inf
43 inf
44 inf
45 inf
46 inf
47 inf
48 inf
49 inf
50 inf
51 inf
52 inf
53 inf
54 inf
55 inf
56 inf
57 inf
58 inf
59 inf
60 inf
61 inf
62 inf
63 inf
64 inf
65 inf
66 inf
67 inf
68 inf
69 inf
70 inf
71 inf
72 inf
73 inf
74 inf
75 inf
76 inf
77 inf
78 inf
79 inf
