0 inf
1 inf
2 inf
3 inf
4 inf
5 inf
6 inf
7 inf
8 inf
9 0.002401080970173786
10 0.0020011710609612893
11 0.0018010800362703938
12 0.0018010368986515807
13 0.0018007722670802865
14 0.0018007722670802865
15 0.0018007722670802865
16 0.0018007722670802865
17 0.0018008942817781088
18 0.002000796694916805
19 0.002000914281778109
20 0.0022010967337463484
21 0.002200971904123695
22 0.002801156733746349
23 0.002601060333926927
24 0.0032011967337463483
25 inf
26 inf
27 inf
28 inf
29 inf
30 inf
31 inf
32 inf
33 inf
34 inf
35 inf
36 inf
37 inf
38 inf
39 inf
40 inf
41 inf
42 inf
43 inf
44 inf
45 inf
46 inf
47 inf
48 inf
49 inf
50 inf
51 inf
52 inf
53 inf
54 inf
55 inf
56 inf
57 inf
58 inf
59 inf
60 inf
61 inf
62 inf
63 inf
64 inf
65 inf
66 inf
67 inf
68 inf
69 inf
70 inf
71 inf
72 inf
73 inf
74 inf
75 inf
76 inf
77 inf
78 inf
79 inf
