[13.0, 0.0018007722670802865]
[13.0, 0.0018007722670802865]
[9.0, 0.002401080970173786]
[9.0, 0.002401080970173786]
[10.0, 0.0020011710609612893]
[11.0, 0.0018010800362703938]
[10.0, 0.0020011710609612893]
[12.0, 0.0018010368986515807]
[12.0, 0.0018010368986515807]
[11.0, 0.0018010800362703938]
[13.0, 0.0018007722670802865]
[13.0, 0.0018007722670802865]
[13.0, 0.0018007722670802865]
[13.0, 0.0018007722670802865]
[13.0, 0.0018007722670802865]
[13.0, 0.0018007722670802865]
[13.0, 0.0018007722670802865]
[13.0, 0.0018007722670802865]
[13.0, 0.0018007722670802865]
[13.0, 0.0018007722670802865]
[13.0, 0.0018007722670802865]
[13.0, 0.0018007722670802865]
[13.0, 0.0018007722670802865]
[13.0, 0.0018007722670802865]
[13.0, 0.0018007722670802865]
[13.0, 0.0018007722670802865]
[13.0, 0.0018007722670802865]
[13.0, 0.0018007722670802865]
[13.0, 0.0018007722670802865]
[13.0, 0.0018007722670802865]
[13.0, 0.0018007722670802865]
[13.0, 0.0018007722670802865]
[13.0, 0.0018007722670802865]
[13.0, 0.0018007722670802865]
[13.0, 0.0018007722670802865]
[13.0, 0.0018007722670802865]
[13.0, 0.0018007722670802865]
[13.0, 0.0018007722670802865]
[13.0, 0.0018007722670802865]
[13.0, 0.0018007722670802865]
[13.0, 0.0018007722670802865]
[13.0, 0.0018007722670802865]
[13.0, 0.0018007722670802865]
[13.0, 0.0018007722670802865]
[13.0, 0.0018007722670802865]
[13.0, 0.0018007722670802865]
[13.0, 0.0018007722670802865]
[13.0, 0.0018007722670802865]
[13.0, 0.0018007722670802865]
[13.0, 0.0018007722670802865]
[13.0, 0.0018007722670802865]
[13.0, 0.0018007722670802865]
[13.0, 0.0018007722670802865]
[13.0, 0.0018007722670802865]
[13.0, 0.0018007722670802865]
[13.0, 0.0018007722670802865]
[13.0, 0.0018007722670802865]
[13.0, 0.0018007722670802865]
[13.0, 0.0018007722670802865]
[13.0, 0.0018007722670802865]
[13.0, 0.0018007722670802865]
[13.0, 0.0018007722670802865]
[13.0, 0.0018007722670802865]
[13.0, 0.0018007722670802865]
[13.0, 0.0018007722670802865]
[13.0, 0.0018007722670802865]
[13.0, 0.0018007722670802865]
[13.0, 0.0018007722670802865]
[13.0, 0.0018007722670802865]
[13.0, 0.0018007722670802865]
[13.0, 0.0018007722670802865]
[13.0, 0.0018007722670802865]
[13.0, 0.0018007722670802865]
[13.0, 0.0018007722670802865]
[13.0, 0.0018007722670802865]
[13.0, 0.0018007722670802865]
[13.0, 0.0018007722670802865]
[13.0, 0.0018007722670802865]
[13.0, 0.0018007722670802865]
[13.0, 0.0018007722670802865]
[13.0, 0.0018007722670802865]
[13.0, 0.0018007722670802865]
[13.0, 0.0018007722670802865]
[13.0, 0.0018007722670802865]
[13.0, 0.0018007722670802865]
[13.0, 0.0018007722670802865]
[13.0, 0.0018007722670802865]
[13.0, 0.0018007722670802865]
[13.0, 0.0018007722670802865]
[13.0, 0.0018007722670802865]
[13.0, 0.0018007722670802865]
[13.0, 0.0018007722670802865]
[13.0, 0.0018007722670802865]
[13.0, 0.0018007722670802865]
[13.0, 0.0018007722670802865]
[13.0, 0.0018007722670802865]
[13.0, 0.0018007722670802865]
[13.0, 0.0018007722670802865]
[13.0, 0.0018007722670802865]
[13.0, 0.0018007722670802865]
