0 inf
1 inf
2 inf
3 inf
4 inf
5 inf
6 inf
7 inf
8 inf
9 inf
10 0.0030008958844911287
11 0.002200815884491129
12 0.0020011328093151714
13 0.002000701982003504
14 0.002000701982003504
15 0.002000701982003504
16 0.002000701982003504
17 0.002000701982003504
18 0.002000795884491129
19 0.002001050645217224
20 0.002200815884491129
21 0.002001124291590645
22 0.0022011901240991767
23 0.002201144291590645
24 0.002201144291590645
25 0.002201144291590645
26 0.0030010909263165197
27 0.003401272809315171
28 inf
29 inf
30 inf
31 inf
32 inf
33 inf
34 inf
35 inf
36 inf
37 inf
38 inf
39 inf
40 inf
41 inf
42 inf
43 inf
44 inf
45 inf
46 inf
47 inf
48 inf
49 inf
50 inf
51 inf
52 inf
53 inf
54 inf
55 inf
56 inf
57 inf
58 inf
59 inf
60 inf
61 inf
62 inf
63 inf
64 inf
65 inf
66 inf
67 inf
68 inf
69 inf
70 inf
71 inf
72 inf
73 inf
74 inf
75 inf
76 inf
77 inf
78 inf
79 inf
