[13.0, 0.002000701982003504]
[13.0, 0.002000701982003504]
[10.0, 0.0030008958844911287]
[10.0, 0.0030008958844911287]
[11.0, 0.002200815884491129]
[12.0, 0.0020011328093151714]
[11.0, 0.002200815884491129]
[12.0, 0.0020011328093151714]
[13.0, 0.002000701982003504]
[13.0, 0.002000701982003504]
[13.0, 0.002000701982003504]
[13.0, 0.002000701982003504]
[13.0, 0.002000701982003504]
[13.0, 0.002000701982003504]
[13.0, 0.002000701982003504]
[13.0, 0.002000701982003504]
[13.0, 0.002000701982003504]
[13.0, 0.002000701982003504]
[13.0, 0.002000701982003504]
[13.0, 0.002000701982003504]
[13.0, 0.002000701982003504]
[13.0, 0.002000701982003504]
[13.0, 0.002000701982003504]
[13.0, 0.002000701982003504]
[13.0, 0.002000701982003504]
[13.0, 0.002000701982003504]
[13.0, 0.002000701982003504]
[13.0, 0.002000701982003504]
[13.0, 0.002000701982003504]
[13.0, 0.002000701982003504]
[13.0, 0.002000701982003504]
[13.0, 0.002000701982003504]
[13.0, 0.002000701982003504]
[13.0, 0.002000701982003504]
[13.0, 0.002000701982003504]
[13.0, 0.002000701982003504]
[13.0, 0.002000701982003504]
[13.0, 0.002000701982003504]
[13.0, 0.002000701982003504]
[13.0, 0.002000701982003504]
[13.0, 0.002000701982003504]
[13.0, 0.002000701982003504]
[13.0, 0.002000701982003504]
[13.0, 0.002000701982003504]
[13.0, 0.002000701982003504]
[13.0, 0.002000701982003504]
[13.0, 0.002000701982003504]
[13.0, 0.002000701982003504]
[13.0, 0.002000701982003504]
[13.0, 0.002000701982003504]
[13.0, 0.002000701982003504]
[13.0, 0.002000701982003504]
[13.0, 0.002000701982003504]
[13.0, 0.002000701982003504]
[13.0, 0.002000701982003504]
[13.0, 0.002000701982003504]
[13.0, 0.002000701982003504]
[13.0, 0.002000701982003504]
[13.0, 0.002000701982003504]
[13.0, 0.002000701982003504]
[13.0, 0.002000701982003504]
[13.0, 0.002000701982003504]
[13.0, 0.002000701982003504]
[13.0, 0.002000701982003504]
[13.0, 0.002000701982003504]
[13.0, 0.002000701982003504]
[13.0, 0.002000701982003504]
[13.0, 0.002000701982003504]
[13.0, 0.002000701982003504]
[13.0, 0.002000701982003504]
[13.0, 0.002000701982003504]
[13.0, 0.002000701982003504]
[13.0, 0.002000701982003504]
[13.0, 0.002000701982003504]
[13.0, 0.002000701982003504]
[13.0, 0.002000701982003504]
[13.0, 0.002000701982003504]
[13.0, 0.002000701982003504]
[13.0, 0.002000701982003504]
[13.0, 0.002000701982003504]
[13.0, 0.002000701982003504]
[13.0, 0.002000701982003504]
[13.0, 0.002000701982003504]
[13.0, 0.002000701982003504]
[13.0, 0.002000701982003504]
[13.0, 0.002000701982003504]
[13.0, 0.002000701982003504]
[13.0, 0.002000701982003504]
[13.0, 0.002000701982003504]
[13.0, 0.002000701982003504]
[13.0, 0.002000701982003504]
[13.0, 0.002000701982003504]
[13.0, 0.002000701982003504]
[13.0, 0.002000701982003504]
[13.0, 0.002000701982003504]
[13.0, 0.002000701982003504]
[13.0, 0.002000701982003504]
[13.0, 0.002000701982003504]
[13.0, 0.002000701982003504]
[13.0, 0.002000701982003504]
