[[0.73256668 0.99680433 0.38124044 0.79612807 0.6559867  0.1447982
 0.73716558 0.19726555 0.11928198 0.59675812 0.98095673 0.01903341
 0.26583524 0.58545394 0.89121098 0.73622043 0.35396704 0.16639525
 0.59849488 0.63056923 0.66232165 0.74192993 0.83088728 0.82730706
 0.02728694 0.9814639  0.7395651  0.79826211 0.58302974 0.26357474
 0.62632803 0.67538653 0.21731675 0.46815791 0.99515464 0.53683874
 0.55480087 0.4111867  0.37253006 0.60726158 0.70314202 0.69465806
 0.21435995 0.57605492 0.2845378  0.35690252 0.03705653 0.29435919
 0.5701389  0.69959139 0.9152106  0.38966092 0.57510447 0.0610532
 0.01766807 0.55266567 0.56222444 0.99545186 0.74465049 0.38680212
 0.46341878 0.85347778 0.20326095 0.36233678 0.81005759 0.42830868
 0.18246667 0.10850362 0.15931171 0.04885006 0.34594183 0.44220669] -> [6.0, 0.0006000199999999999]
, [0.73256668 0.99710437 0.02830128 0.79612807 0.51644476 0.1447982
 0.70713591 0.19726555 0.11928198 0.59675812 0.82028446 0.01894833
 0.26583524 0.58545394 0.89121098 0.73622043 0.35396704 0.71941846
 0.61090768 0.1821973  0.66232165 0.74192993 0.57078618 0.82730706
 0.54345171 0.28586185 0.7395651  0.83145893 0.58446036 0.04327114
 0.93091545 0.67538653 0.43864629 0.44145379 0.18365979 0.28035394
 0.55480087 0.4111867  0.37253006 0.24007936 0.70314202 0.68166721
 0.29402401 0.57605492 0.2845378  0.35690252 0.03705653 0.2943098
 0.57311033 0.69959139 0.891649   0.1450424  0.74612943 0.0610532
 0.01766807 0.55266567 0.74513083 0.99545186 0.74465049 0.38680212
 0.46341878 0.81226017 0.15185521 0.36233678 0.77956418 0.42830868
 0.32767205 0.18016269 0.15931171 0.40275564 0.27166782 0.44220669] -> [6.0, 0.0006000199999999999]
, [0.34843297 0.03164291 0.68407884 0.28192289 0.88636195 0.15915655
 0.87805648 0.90087063 0.02095947 0.65351935 0.54998905 0.89531247
 0.36669813 0.51876811 0.31471034 0.83022815 0.56872298 0.22188882
 0.57705606 0.11194667 0.85125587 0.76962092 0.55247069 0.44978317
 0.13491939 0.86152099 0.36062693 0.89178525 0.09872828 0.82175323
 0.80736837 0.30454406 0.70315308 0.52738696 0.57168571 0.09794335
 0.93160633 0.2651706  0.88201795 0.71078526 0.73417651 0.91613424
 0.67737041 0.33869681 0.76023722 0.96081083 0.90133808 0.75046194
 0.90337996 0.88675443 0.81814763 0.25425183 0.45421209 0.80277453
 0.34800069 0.28826467 0.3674513  0.41937999 0.74883199 0.89344334
 0.25867511 0.0264312  0.74920295 0.51229335 0.24894943 0.91777753
 0.75261882 0.92311396 0.62497751 0.15407974 0.39063451 0.06059135] -> [1.0, 0.00144012]
, [0.79105657 0.27109678 0.33725875 0.36302769 0.94846409 0.15936023
 0.93251137 0.96542558 0.0920722  0.66812695 0.98219317 0.98169608
 0.3383362  0.3538255  0.681013   0.71709056 0.96827235 0.51354026
 0.59739892 0.05059251 0.64943153 0.70061474 0.62296074 0.78645713
 0.10012637 0.36993194 0.48276702 0.4302019  0.15916178 0.40843091
 0.8055969  0.67538653 0.72063834 0.46815791 0.59127182 0.41675217
 0.90254844 0.38519705 0.29863223 0.71716347 0.72533208 0.71793373
 0.33801873 0.970962   0.18242142 0.47845013 0.77280102 0.29435919
 0.60807534 0.73930568 0.88223348 0.25124174 0.4653085  0.34596985
 0.15485063 0.1546317  0.05801518 0.56723925 0.74625151 0.9146709
 0.46341878 0.20365718 0.83387465 0.38357218 0.81005759 0.42183635
 0.7509256  0.96838355 0.55366504 0.01595309 0.3912207  0.24773247] -> [1.0, 0.00144012]
, [0.71813077 0.57289169 0.61492078 0.80628476 0.36189408 0.47090999
 0.88647495 0.20100146 0.44766988 0.57642474 0.65000271 0.26631575
 0.35002184 0.97189003 0.42192704 0.73429286 0.41980646 0.279611
 0.49502263 0.04236394 0.58366151 0.70944708 0.46492299 0.44978317
 0.13491939 0.93069971 0.45430473 0.81373678 0.60839926 0.79414742
 0.85553846 0.30139821 0.73197226 0.17330417 0.27970272 0.71358286
 0.19197836 0.29592284 0.44541154 0.69274193 0.11001445 0.97784379
 0.67737041 0.27713162 0.2150066  0.37720359 0.2092782  0.52803397
 0.7890058  0.91651382 0.69339898 0.20567491 0.43853974 0.87489751
 0.34800069 0.29046225 0.5753902  0.37992107 0.42792131 0.84532725
 0.48182531 0.06569769 0.78392165 0.53478872 0.63200134 0.25110133
 0.73916443 0.83434351 0.4702866  0.69188172 0.39063451 0.59184002] -> [2.0, 0.0008566285424949239]
, [0.75126141 0.9804104  0.65321094 0.99879425 0.27625108 0.27624023
 0.09208789 0.2916377  0.13823574 0.81093865 0.978573   0.90184463
 0.92393225 0.76258714 0.89069365 0.74381368 0.44374889 0.40807647
 0.17717353 0.84661407 0.65502596 0.43385271 0.6523829  0.80043663
 0.17095817 0.48735427 0.55169778 0.18885272 0.58273157 0.87347463
 0.74317924 0.22427968 0.65658939 0.23040154 0.47447421 0.47225579
 0.55480087 0.34359433 0.55812112 0.09653469 0.66854748 0.80304795
 0.02395035 0.77943675 0.28070546 0.20609282 0.07089905 0.35766242
 0.42285712 0.7478485  0.95512875 0.45262851 0.04018905 0.66296792
 0.21968284 0.27913125 0.35356698 0.91475528 0.72827758 0.04287623
 0.78147053 0.38607066 0.1390306  0.35100567 0.81005759 0.44362696
 0.54117137 0.59758582 0.15931171 0.39540018 0.49240961 0.2997857 ] -> [3.0, 0.0006566085424949238]
, [0.10307928 0.69327651 0.20339714 0.2808979  0.97109373 0.5751479
 0.99689615 0.41681481 0.37972605 0.24144629 0.62358592 0.10277511
 0.25244862 0.94628069 0.66768364 0.14679022 0.44602662 0.69936085
 0.84541348 0.75889385 0.4184468  0.11423566 0.87482053 0.15908187
 0.54322501 0.07417301 0.70152154 0.75425838 0.72549631 0.70326678
 0.33445732 0.55240289 0.57596882 0.23412567 0.27017412 0.94944748
 0.98618452 0.57043719 0.88690578 0.6889345  0.03717853 0.70588392
 0.60733384 0.63237978 0.19271259 0.17513148 0.90474399 0.43189286
 0.70423034 0.45037833 0.55895983 0.37136668 0.09716218 0.30493584
 0.23013891 0.16455571 0.45682811 0.66436104 0.70362144 0.73323265
 0.60228752 0.33298409 0.63103272 0.62532627 0.30071229 0.23240649
 0.69800876 0.07502852 0.39163527 0.61934966 0.39169479 0.48486649] -> [5.0, 0.00064004]
, [0.4431201  0.90166233 0.27985187 0.95019227 0.64096007 0.98613807
 0.74299907 0.78415635 0.60762255 0.88833709 0.12910394 0.69057997
 0.75745704 0.93990143 0.89586706 0.18572556 0.15452553 0.29615902
 0.2717972  0.90805989 0.77787496 0.36129468 0.81315551 0.27776954
 0.03872464 0.59838016 0.0632798  0.47239185 0.60324736 0.61988944
 0.56479146 0.21136323 0.1846818  0.4552707  0.51387764 0.00907186
 0.72980859 0.06410141 0.47733984 0.58854913 0.40184419 0.63652343
 0.51162393 0.39503998 0.2845378  0.90963209 0.35047303 0.39781415
 0.96128789 0.81387154 0.97552242 0.39917631 0.10094078 0.55242712
 0.03197046 0.11754001 0.28617479 0.55194994 0.86918474 0.36674637
 0.32806358 0.28764851 0.26589896 0.33541985 0.5634582  0.28544857
 0.85304422 0.03885295 0.17851527 0.27732434 0.36422738 0.43159778] -> [2.0, 0.0008566285424949239]
, [0.73256668 0.99680433 0.38124044 0.79612807 0.41174102 0.1447982
 0.87790067 0.19726555 0.13433873 0.76537929 0.97567059 0.01901087
 0.26583524 0.58545394 0.89121098 0.73622043 0.35396704 0.17405797
 0.60653403 0.38688491 0.66232165 0.74192993 0.83088728 0.82730706
 0.04917625 0.9814639  0.7395651  0.79826211 0.58302974 0.22636265
 0.82907599 0.67538653 0.17992823 0.46815791 0.92524664 0.57029453
 0.55480087 0.4111867  0.37253006 0.18644573 0.70314202 0.69465806
 0.66515051 0.57605492 0.2845378  0.35690252 0.03705653 0.29422404
 0.56906776 0.69959139 0.9152106  0.38966092 0.57510447 0.0610532
 0.01766807 0.55266567 0.56222444 0.30671549 0.74465049 0.38680212
 0.46341878 0.85347778 0.14389362 0.36233678 0.81005759 0.42830868
 0.24038843 0.10850362 0.15931171 0.08234553 0.34594183 0.44220669] -> [5.0, 0.00064004]
, [0.75126141 0.9804104  0.65321094 0.99879425 0.27625108 0.27624023
 0.47066181 0.2916377  0.13823574 0.81093865 0.978573   0.90184463
 0.92393225 0.76258714 0.89069365 0.74381368 0.44374889 0.40807647
 0.17717353 0.84661407 0.65502596 0.43385271 0.6523829  0.80043663
 0.17095817 0.48735427 0.55169778 0.18885272 0.58273157 0.87347463
 0.74317924 0.24808991 0.65658939 0.23040154 0.47447421 0.47225579
 0.55480087 0.34359433 0.55812112 0.09653469 0.66854748 0.80304795
 0.02395035 0.77943675 0.28070546 0.20609282 0.07089905 0.35766242
 0.42285712 0.7478485  0.95512875 0.45262851 0.04018905 0.66296792
 0.21968284 0.27913125 0.35356698 0.91475528 0.72827758 0.24526574
 0.78147053 0.38607066 0.1390306  0.35100567 0.81005759 0.44362696
 0.54117137 0.59758582 0.15931171 0.39540018 0.49240961 0.2997857 ] -> [3.0, 0.0006566085424949238]
, [0.73256668 0.99639422 0.36644173 0.79612807 0.6559867  0.1447982
 0.73690917 0.19726555 0.11928198 0.59675812 0.98118788 0.01899559
 0.26583524 0.58545394 0.89121098 0.73622043 0.35396704 0.23731087
 0.65956323 0.81389302 0.66232165 0.74192993 0.69620421 0.82730706
 0.20198845 0.48564916 0.7395651  0.79826211 0.59534512 0.00894148
 0.8016632  0.67538653 0.22906643 0.41570812 0.55416548 0.49131716
 0.55480087 0.4111867  0.37253006 0.35082877 0.70314202 0.71558739
 0.18938762 0.57605492 0.2845378  0.35690252 0.03705653 0.29436014
 0.60453577 0.69959139 0.9152106  0.38966092 0.41733099 0.0610532
 0.01766807 0.55266567 0.56222444 0.99545186 0.74465049 0.38680212
 0.46341878 0.69273911 0.35727715 0.36233678 0.81052385 0.42830868
 0.11438693 0.10850362 0.39822875 0.00634529 0.34594183 0.44220669] -> [6.0, 0.0006000199999999999]
, [0.73256668 0.99680433 0.38124044 0.79612807 0.6559867  0.1447982
 0.76497968 0.19726555 0.11928198 0.59675812 0.98095673 0.01831759
 0.26583524 0.58545394 0.89121098 0.73622043 0.35396704 0.20213362
 0.5985211  0.63056923 0.66232165 0.74192993 0.83088728 0.82730706
 0.03411819 0.28049017 0.7395651  0.79826211 0.58302974 0.23186272
 0.62632803 0.67538653 0.21731675 0.46815791 0.99515464 0.53683874
 0.55480087 0.4111867  0.26943155 0.60726158 0.70314202 0.69258066
 0.3603943  0.57605492 0.2845378  0.35690252 0.03705653 0.29435919
 0.57159496 0.69959139 0.9152106  0.38966092 0.56977248 0.0610532
 0.01766807 0.55266567 0.56222444 0.99545186 0.74465049 0.38680212
 0.46341878 0.81092363 0.36460993 0.36233678 0.81005759 0.42830868
 0.3499631  0.10850362 0.15931171 0.24133478 0.34594183 0.44220669] -> [6.0, 0.0006000199999999999]
, [0.73256668 0.99680433 0.38124044 0.79612807 0.60330305 0.1447982
 0.76988129 0.19726555 0.29657879 0.59730514 0.96726674 0.01879069
 0.26583524 0.58545394 0.89121098 0.73622043 0.35396704 0.31824704
 0.60332536 0.41397275 0.66232165 0.74192993 0.84718607 0.82730706
 0.03382273 0.64719848 0.7395651  0.79826211 0.58276752 0.76646339
 0.63248133 0.67538653 0.06166494 0.61604235 0.96773039 0.47033974
 0.50152514 0.4111867  0.2994073  0.27697107 0.70314202 0.69534759
 0.40529273 0.57605492 0.2845378  0.031      0.03705653 0.38452946
 0.57264444 0.69959139 0.9152106  0.38966092 0.66141127 0.46090545
 0.01766807 0.55266567 0.56222444 0.99545186 0.74465049 0.38680212
 0.46341878 0.85347778 0.30744108 0.36233678 0.81005759 0.42730546
 0.16609517 0.10850362 0.15931171 0.06611953 0.34594183 0.44220669] -> [6.0, 0.0006000199999999999]
, [0.73256668 0.99680433 0.81573042 0.79612807 0.6559867  0.1447982
 0.77108267 0.19726555 0.11928198 0.59675812 0.9837804  0.01892771
 0.26583524 0.58545394 0.89121098 0.73622043 0.35396704 0.23293874
 0.62209548 0.70619917 0.66232165 0.74192993 0.87965421 0.82730706
 0.49422944 0.85875344 0.7395651  0.79826211 0.58080767 0.01675847
 0.83978115 0.67538653 0.05511668 0.39839451 0.86074829 0.28926966
 0.55480087 0.4111867  0.37253006 0.00199706 0.70314202 0.70089827
 0.06431085 0.57605492 0.2845378  0.35690252 0.03705653 0.29427392
 0.56625513 0.69959139 0.9152106  0.38966092 0.00293091 0.0610532
 0.01766807 0.55266567 0.56222444 0.99545186 0.74465049 0.38680212
 0.46341878 0.85874756 0.14530501 0.36233678 0.81005759 0.42830868
 0.13647938 0.10850362 0.15931171 0.10032219 0.34594183 0.44220669] -> [6.0, 0.0006000199999999999]
, [0.73256668 0.99680433 0.84651814 0.79612807 0.6559867  0.1447982
 0.78954815 0.19726555 0.11928198 0.59675812 0.99475863 0.0188755
 0.26583524 0.58545394 0.89121098 0.73622043 0.35396704 0.23293874
 0.6382181  0.27191755 0.66232165 0.74192993 0.67942063 0.82730706
 0.49422944 0.32928645 0.7395651  0.81399193 0.58080767 0.02018816
 0.83978115 0.67538653 0.44040909 0.46815791 0.94858581 0.28002129
 0.55480087 0.4111867  0.37253006 0.00473447 0.70314202 0.6827956
 0.28789348 0.57605492 0.2845378  0.35690252 0.03705653 0.29431429
 0.57286565 0.69959139 0.9152106  0.38966092 0.75628776 0.0610532
 0.01766807 0.55266567 0.56222444 0.99545186 0.74465049 0.38680212
 0.46341878 0.76470447 0.14592731 0.36233678 0.81005759 0.42830868
 0.32873475 0.34709469 0.15931171 0.08553509 0.34594183 0.44220669] -> [6.0, 0.0006000199999999999]
, [0.73256668 0.99709268 0.38124044 0.46358794 0.65562364 0.1447982
 0.73716558 0.01714119 0.11928198 0.36772186 0.9756486  0.01903341
 0.26583524 0.58545394 0.89121098 0.73622043 0.35396704 0.27085225
 0.6523209  0.22074804 0.66232165 0.74192993 0.83088728 0.82730706
 0.09475542 0.8225026  0.7395651  0.79826211 0.57710888 0.56943691
 0.96678827 0.67538653 0.11408315 0.46815791 0.58766599 0.53683874
 0.55480087 0.12803548 0.37253006 0.48850394 0.70314202 0.75148972
 0.2507211  0.57605492 0.2845378  0.35690252 0.03705653 0.29096744
 0.57401657 0.69959139 0.9152106  0.18770481 0.55623068 0.0610532
 0.08660044 0.55266567 0.56222444 0.93323273 0.74465049 0.38680212
 0.44893693 0.85347778 0.20326095 0.36233678 0.81005759 0.42830868
 0.59486633 0.10850362 0.22873922 0.63700454 0.34594183 0.44220669] -> [6.0, 0.0006000199999999999]
, [0.73256668 0.99680784 0.39781135 0.76415614 0.67980121 0.1447982
 0.68073899 0.19726555 0.12066012 0.61974937 0.94816263 0.01903421
 0.26583524 0.58545394 0.89121098 0.73622043 0.35396704 0.21738677
 0.61946297 0.06718945 0.66232165 0.74192993 0.83821753 0.75400033
 0.44563013 0.82705829 0.7395651  0.79826211 0.6409013  0.51700029
 0.76669328 0.67538653 0.0066576  0.42780309 0.88534892 0.37274091
 0.82502136 0.4111867  0.37253006 0.57763673 0.70314202 0.7006726
 0.21228277 0.57605492 0.2845378  0.35690252 0.03705653 0.294358
 0.5718238  0.69959139 0.89872617 0.38966092 0.82745659 0.0610532
 0.01766807 0.56055646 0.67603127 0.99545186 0.74465049 0.38680212
 0.46341878 0.85347778 0.31099211 0.36263306 0.58391783 0.42830868
 0.13047558 0.10712138 0.15931171 0.10040057 0.12634104 0.44220669] -> [6.0, 0.0006000199999999999]
, [0.66883996 0.99680433 0.37776989 0.79612807 0.65618436 0.1447982
 0.7237489  0.19726555 0.11928198 0.61189518 0.98802258 0.01905667
 0.26583524 0.58545394 0.89121098 0.73622043 0.35396704 0.20556153
 0.59283094 0.2418908  0.66232165 0.74192993 0.83441518 0.82730706
 0.43835039 0.94878273 0.7395651  0.79826211 0.57922429 0.105353
 0.77684278 0.67538653 0.22779877 0.46815791 0.32076596 0.40354332
 0.55480087 0.53377291 0.26056612 0.42790941 0.70314202 0.69476432
 0.20184778 0.57605492 0.27367806 0.41253949 0.03705653 0.25154584
 0.58092218 0.65689747 0.9152106  0.38966092 0.55318198 0.06166563
 0.01766807 0.55266567 0.09877193 0.99226828 0.74465049 0.38680212
 0.50310643 0.87069151 0.20326095 0.36233678 0.81005759 0.42830868
 0.57452563 0.10850362 0.13406644 0.06292517 0.34594183 0.43047194] -> [6.0, 0.0006000199999999999]
, [0.59320493 0.99680433 0.37832057 0.79612807 0.65860448 0.1447982
 0.74979073 0.19726555 0.11928198 0.61030507 0.98753507 0.0190223
 0.26583524 0.58545394 0.89121098 0.73622043 0.35396704 0.18061551
 0.56673403 0.41073738 0.66232165 0.74192993 0.83443165 0.82730706
 0.17326205 0.33769251 0.7395651  0.79826211 0.58566952 0.105353
 0.86823778 0.67538653 0.35991442 0.46815791 0.4186456  0.37667902
 0.55480087 0.53377291 0.31250862 0.58391863 0.70314202 0.69557463
 0.17877399 0.57605492 0.27286944 0.4194268  0.03705653 0.06609214
 0.58092218 0.8376076  0.9152106  0.38966092 0.46869923 0.06187551
 0.01766807 0.55266567 0.56222444 0.99145343 0.74465049 0.38680212
 0.48433209 0.75687259 0.20326095 0.36233678 0.81005759 0.42830868
 0.57452563 0.10850362 0.12578671 0.06292517 0.34594183 0.41042167] -> [6.0, 0.0006000199999999999]
, [0.73256668 0.99680433 0.38124044 0.79612807 0.63787193 0.1447982
 0.73716558 0.19726555 0.11928198 0.05058252 0.98840908 0.01903341
 0.26583524 0.58545394 0.89121098 0.73622043 0.35396704 0.18400382
 0.39782255 0.68671982 0.66232165 0.74192993 0.83088728 0.82730706
 0.11755991 0.59976732 0.7395651  0.79826211 0.58435646 0.56964147
 0.87583034 0.67538653 0.0721089  0.46815791 0.45576436 0.53683874
 0.55480087 0.12803548 0.37253006 0.48850394 0.70314202 0.69118909
 0.25203997 0.57605492 0.2845378  0.35690252 0.03705653 0.29027886
 0.57401657 0.69959139 0.9152106  0.18546964 0.71951773 0.0610532
 0.01766807 0.55266567 0.56222444 0.94023569 0.74465049 0.38680212
 0.45297555 0.85347778 0.20326095 0.36233678 0.81005759 0.42830868
 0.19590489 0.10850362 0.13172086 0.30616815 0.34594183 0.44220669] -> [6.0, 0.0006000199999999999]
, [0.73256668 0.99847898 0.38124044 0.79612807 0.6559867  0.1447982
 0.73716558 0.19726555 0.11928198 0.59675812 0.98029278 0.01903341
 0.26583524 0.58545394 0.89121098 0.73622043 0.35396704 0.21528266
 0.59849488 0.63057653 0.66232165 0.74192993 0.83088728 0.82730706
 0.02590522 0.66995606 0.7395651  0.79826211 0.59706338 0.26749981
 0.71478676 0.67538653 0.21731675 0.49606722 0.99515464 0.53683874
 0.55480087 0.4111867  0.03411788 0.60702626 0.70314202 0.6935778
 0.21435995 0.57605492 0.2845378  0.35690252 0.03705653 0.29435919
 0.57606846 0.69959139 0.9152106  0.43536431 0.43516037 0.77491368
 0.01766807 0.55266567 0.56222444 0.99545186 0.74465049 0.0410163
 0.46341878 0.01898256 0.19260395 0.36233678 0.81005759 0.42830868
 0.18246667 0.10850362 0.15931171 0.04737768 0.34594183 0.44220669] -> [6.0, 0.0006000199999999999]
, [0.73256668 0.99760908 0.43094293 0.29610048 0.6559867  0.1447982
 0.66130452 0.19726555 0.11928198 0.59675812 0.95796563 0.0191024
 0.26583524 0.58545394 0.89121098 0.73622043 0.05874884 0.17912047
 0.61734105 0.21922659 0.66232165 0.74192993 0.83809828 0.90146706
 0.16358561 0.8234572  0.7395651  0.79826211 0.65158461 0.18318959
 0.87140472 0.67538653 0.41551642 0.43203434 0.32384666 0.53587388
 0.55480087 0.4111867  0.37253006 0.52577702 0.70314202 0.70052103
 0.19169043 0.57605492 0.2845378  0.35690252 0.03705653 0.29436331
 0.57314329 0.69959139 0.91095838 0.38966092 0.38118386 0.0610532
 0.01766807 0.57017453 0.53024565 0.99545186 0.74465049 0.38680212
 0.46341878 0.34580549 0.15020428 0.36125861 0.76824785 0.42830868
 0.10660616 0.1018926  0.15931171 0.21844932 0.29871142 0.44220669] -> [6.0, 0.0006000199999999999]
, [0.73256668 0.99680433 0.38124044 0.79612807 0.6559867  0.1447982
 0.73716558 0.19726555 0.11928198 0.59675812 0.9687485  0.01903341
 0.26583524 0.58545394 0.89121098 0.73622043 0.35396704 0.17642395
 0.59849488 0.62117863 0.66232165 0.74192993 0.83088728 0.82730706
 0.0273061  0.44530364 0.7395651  0.79826211 0.69694298 0.26519723
 0.19076082 0.67538653 0.21731675 0.54291814 0.99515464 0.53683874
 0.55480087 0.4111867  0.37253006 0.60852418 0.70314202 0.69532603
 0.21435995 0.57605492 0.2845378  0.35690252 0.03705653 0.29435919
 0.57093296 0.69959139 0.9152106  0.38966092 0.26346802 0.00273469
 0.01766807 0.55266567 0.56222444 0.99545186 0.74465049 0.38680212
 0.46341878 0.85347778 0.20326095 0.36233678 0.81005759 0.42830868
 0.2067402  0.10850362 0.15931171 0.04786788 0.34594183 0.44220669] -> [6.0, 0.0006000199999999999]
, [0.73256668 0.99679052 0.38124044 0.79612807 0.6559867  0.1447982
 0.73716558 0.19726555 0.11928198 0.59675812 0.98095673 0.01903341
 0.26583524 0.58545394 0.89121098 0.73622043 0.35396704 0.16639525
 0.59849488 0.63056923 0.66232165 0.74192993 0.83088728 0.82730706
 0.02728694 0.9814639  0.7395651  0.79826211 0.58302974 0.26357474
 0.62632803 0.67538653 0.21731675 0.46815791 0.99515464 0.53683874
 0.55480087 0.4111867  0.37253006 0.60726158 0.70314202 0.69465806
 0.21435995 0.57605492 0.2845378  0.35690252 0.03705653 0.29435919
 0.5701389  0.69959139 0.9152106  0.17028567 0.57510447 0.0610532
 0.01766807 0.55266567 0.56222444 0.99545186 0.74465049 0.38680212
 0.73533839 0.76957822 0.19062045 0.36233678 0.81005759 0.42830868
 0.18246667 0.10850362 0.15931171 0.05021213 0.34594183 0.44220669] -> [6.0, 0.0006000199999999999]
, [0.73256668 0.99680433 0.38124044 0.79612807 0.6559867  0.1447982
 0.73716558 0.19726555 0.11928198 0.59675812 0.98647805 0.01903341
 0.26583524 0.58545394 0.89121098 0.73622043 0.35396704 0.16439392
 0.61263786 0.04125803 0.66232165 0.74192993 0.83088728 0.82730706
 0.08535003 0.75568004 0.7395651  0.79826211 0.58394883 0.4092796
 0.75823764 0.67538653 0.65514943 0.46815791 0.96905539 0.53683874
 0.55480087 0.4111867  0.37253006 0.60726158 0.44607002 0.69625271
 0.21435995 0.57605492 0.2845378  0.35690252 0.03705653 0.29435919
 0.57004002 0.69959139 0.9152106  0.38966092 0.58328303 0.0610532
 0.01766807 0.55266567 0.56222444 0.99545186 0.74465049 0.38680212
 0.46341878 0.75838544 0.20326095 0.36233678 0.81005759 0.42830868
 0.37435337 0.23224427 0.15931171 0.02014467 0.34594183 0.44220669] -> [6.0, 0.0006000199999999999]
, [0.73256668 0.99680433 0.38124044 0.79612807 0.6559867  0.1447982
 0.78989376 0.19726555 0.13350741 0.59675812 0.98268481 0.0191329
 0.26583524 0.58545394 0.89121098 0.73622043 0.35396704 0.24894189
 0.61503104 0.65639227 0.21832203 0.74192993 0.90326617 0.82730706
 0.02550656 0.88087994 0.05611107 0.79826211 0.60391516 0.20107134
 0.84822464 0.67538653 0.42897351 0.46815791 0.35472388 0.36543851
 0.55480087 0.4111867  0.32885255 0.44806856 0.70314202 0.7041088
 0.28751915 0.57605492 0.2845378  0.35690252 0.03705653 0.29437607
 0.58903113 0.69959139 0.9152106  0.37882969 0.2133432  0.0610532
 0.01766807 0.55266567 0.56222444 0.99545186 0.74465049 0.38049506
 0.46341878 0.68005573 0.15982663 0.36233678 0.81005759 0.42830868
 0.01560208 0.10850362 0.15931171 0.17720881 0.15515538 0.44220669] -> [6.0, 0.0006000199999999999]
, [0.73256668 0.99680433 0.38124044 0.79612807 0.6559867  0.1447982
 0.79248752 0.19726555 0.07983632 0.59675812 0.98322355 0.01905543
 0.26583524 0.58545394 0.89121098 0.73622043 0.35396704 0.24894189
 0.61267997 0.68751033 0.15252727 0.74192993 0.83088728 0.82730706
 0.0992716  0.4146767  0.05611107 0.79826211 0.60446694 0.18476339
 0.94310116 0.67538653 0.10747629 0.46815791 0.35637629 0.42971941
 0.55480087 0.4111867  0.32369061 0.44806856 0.70314202 0.6862719
 0.29467921 0.57605492 0.2845378  0.35690252 0.03705653 0.29430181
 0.57916492 0.69959139 0.9152106  0.35169066 0.6725342  0.0610532
 0.01766807 0.55266567 0.56222444 0.99545186 0.74465049 0.37236968
 0.46341878 0.85347778 0.15982663 0.36233678 0.81005759 0.42830868
 0.33151782 0.10850362 0.15931171 0.04570518 0.11231877 0.44220669] -> [6.0, 0.0006000199999999999]
, [0.73256668 0.99680433 0.39618483 0.79612807 0.6559867  0.1447982
 0.80056493 0.19726555 0.00615241 0.59675812 0.98111868 0.0189342
 0.26583524 0.58545394 0.89121098 0.73622043 0.35396704 0.21892528
 0.59192863 0.51351474 0.66232165 0.74192993 0.83088728 0.82730706
 0.15593645 0.7474538  0.7395651  0.79826211 0.58292254 0.21831202
 0.85711901 0.67538653 0.10076228 0.46815791 0.95238737 0.33273159
 0.55480087 0.4111867  0.37253006 0.72199123 0.70314202 0.67255145
 0.29156652 0.57605492 0.2845378  0.35690252 0.03705653 0.29434541
 0.56920086 0.69959139 0.9152106  0.38966092 0.56753361 0.0610532
 0.01766807 0.55266567 0.56222444 0.99545186 0.74465049 0.38680212
 0.46341878 0.74191191 0.14543517 0.01482966 0.81005759 0.42830868
 0.26696038 0.09338681 0.15931171 0.32594102 0.34594183 0.44220669] -> [6.0, 0.0006000199999999999]
, [0.73256668 0.99680433 0.3517571  0.70603289 0.43601275 0.1447982
 0.74121006 0.19726555 0.23753458 0.59721402 0.97111534 0.01903341
 0.26583524 0.58545394 0.85516396 0.73622043 0.35396704 0.36893449
 0.60248622 0.6136019  0.66232165 0.74192993 0.84411689 0.82730706
 0.02064189 0.64734956 0.7395651  0.79826211 0.58322776 0.76646339
 0.63248133 0.67538653 0.21731675 0.61604235 0.9995362  0.51128682
 0.68298587 0.4111867  0.37253006 0.60685872 0.70314202 0.70046025
 0.21435995 0.57605492 0.2845378  0.35690252 0.03705653 0.0726544
 0.57457297 0.69959139 0.9152106  0.38966092 0.5888495  0.52414495
 0.01766807 0.55266567 0.56222444 0.99545186 0.74465049 0.38680212
 0.46341878 0.85347778 0.60627345 0.36233678 0.81005759 0.74751906
 0.20544809 0.10850362 0.15931171 0.03952021 0.34594183 0.44220669] -> [6.0, 0.0006000199999999999]
, [0.73256668 0.99680433 0.38124044 0.79612807 0.6559867  0.1447982
 0.73716558 0.19726555 0.11928198 0.59675812 0.98647805 0.01903341
 0.26583524 0.58545394 0.89121098 0.73622043 0.35396704 0.16439392
 0.6103809  0.12371887 0.66232165 0.74192993 0.83088728 0.82730706
 0.09117301 0.41920952 0.7395651  0.79826211 0.58760459 0.47320531
 0.7493435  0.67538653 0.077677   0.46815791 0.96905539 0.53683874
 0.55480087 0.4111867  0.37253006 0.60726158 0.33452548 0.69320766
 0.21435995 0.57605492 0.2845378  0.35690252 0.03705653 0.29435919
 0.57229853 0.69959139 0.9152106  0.38966092 0.58328303 0.0610532
 0.01766807 0.55266567 0.56222444 0.99545186 0.74465049 0.38680212
 0.46341878 0.54337858 0.20326095 0.36233678 0.81005759 0.42830868
 0.29574998 0.40489092 0.15931171 0.04894836 0.34594183 0.44220669] -> [6.0, 0.0006000199999999999]
, [0.73256668 0.99949043 0.42310046 0.79612807 0.6559867  0.1447982
 0.77655984 0.19726555 0.11928198 0.59675812 0.9844931  0.01915962
 0.26583524 0.58545394 0.89121098 0.73622043 0.35396704 0.28304276
 0.62961502 0.83522064 0.49602095 0.74192993 0.8850846  0.82730706
 0.23129914 0.43087569 0.7395651  0.79826211 0.57856557 0.01612762
 0.8361407  0.67538653 0.57374064 0.43672501 0.37286956 0.56259866
 0.55480087 0.4111867  0.37253006 0.21171411 0.70314202 0.70573539
 0.21584575 0.57605492 0.2845378  0.35690252 0.03705653 0.29436722
 0.57068794 0.69959139 0.92153006 0.38966092 0.25310965 0.0610532
 0.01766807 0.55266567 0.56222444 0.99545186 0.74465049 0.38680212
 0.46341878 0.69600173 0.14257972 0.36233678 0.79425991 0.42830868
 0.03082653 0.10850362 0.15931171 0.09886833 0.34594183 0.44220669] -> [6.0, 0.0006000199999999999]
, [0.73256668 0.99680433 0.38124044 0.79612807 0.6559867  0.1447982
 0.74393955 0.19726555 0.11928198 0.27145696 0.98693287 0.01831759
 0.26583524 0.58545394 0.89121098 0.73622043 0.35396704 0.20213362
 0.61727708 0.67667053 0.66232165 0.74192993 0.83088728 0.82730706
 0.05433022 0.31188894 0.7395651  0.79826211 0.58482988 0.23186272
 0.81876026 0.67538653 0.21731675 0.46815791 0.85387701 0.53683874
 0.55480087 0.4111867  0.31844891 0.60525066 0.70314202 0.69333235
 0.32420107 0.57605492 0.2845378  0.35690252 0.03705653 0.29435919
 0.56145771 0.69959139 0.9152106  0.38966092 0.53360563 0.0610532
 0.01766807 0.55266567 0.56222444 0.99545186 0.74465049 0.38680212
 0.46341878 0.90318618 0.26290838 0.36233678 0.81005759 0.42830868
 0.30218484 0.10850362 0.15931171 0.26006993 0.34594183 0.44220669] -> [6.0, 0.0006000199999999999]
, [0.73256668 0.99680433 0.38124044 0.79612807 0.6559867  0.1447982
 0.78954815 0.19726555 0.06499408 0.59675812 0.983886   0.01886581
 0.26583524 0.58545394 0.89121098 0.73622043 0.35396704 0.23293874
 0.62398577 0.27191755 0.66232165 0.74192993 0.83088728 0.82730706
 0.08962846 0.64585428 0.7395651  0.79826211 0.58080767 0.02138376
 0.83978115 0.67538653 0.03638829 0.46815791 0.86074829 0.27774791
 0.55480087 0.4111867  0.2805026  0.00471715 0.70314202 0.68433741
 0.30122442 0.57605492 0.2845378  0.35690252 0.03705653 0.29430305
 0.56909001 0.69959139 0.9152106  0.38966092 0.87386697 0.0610532
 0.01766807 0.55266567 0.56222444 0.99545186 0.74465049 0.38680212
 0.46341878 0.85347778 0.14530501 0.36233678 0.81005759 0.42830868
 0.34770427 0.10850362 0.15931171 0.09912139 0.34594183 0.44220669] -> [6.0, 0.0006000199999999999]
, [0.77618157 0.99680433 0.39741522 0.79612807 0.6559867  0.1447982
 0.73867491 0.19726555 0.11928198 0.59675812 0.98798452 0.01877826
 0.26583524 0.58545394 0.89121098 0.73622043 0.35396704 0.15661741
 0.61874325 0.17442304 0.66232165 0.74192993 0.85251805 0.82730706
 0.44289421 0.30961364 0.7395651  0.79835414 0.59758222 0.1668617
 0.97221334 0.67538653 0.26920394 0.46815791 0.33098687 0.52586303
 0.55480087 0.4111867  0.37253006 0.54346399 0.70314202 0.67955358
 0.143687   0.16870288 0.29369176 0.24959012 0.03705653 0.02980421
 0.56906765 0.69959139 0.9152106  0.38966092 0.48380304 0.0665439
 0.01766807 0.06818965 0.56222444 0.99545186 0.74465049 0.38680212
 0.46341878 0.76965482 0.19982255 0.36233678 0.81142512 0.42830868
 0.55096045 0.10850362 0.15931171 0.04115583 0.34594183 0.35791918] -> [6.0, 0.0006000199999999999]
, [0.41433778 0.99680433 0.40278052 0.79612807 0.6559867  0.1447982
 0.74745828 0.19726555 0.11928198 0.59675812 0.98990535 0.01918487
 0.26583524 0.58545394 0.89121098 0.73622043 0.35396704 0.16804592
 0.64659317 0.41152188 0.66232165 0.74192993 0.84990551 0.82730706
 0.4816065  0.31338691 0.7395651  0.79654531 0.58557876 0.05275424
 0.79150154 0.67538653 0.51587471 0.46815791 0.84187149 0.35456406
 0.55480087 0.4111867  0.37253006 0.03105739 0.70314202 0.67622189
 0.18025261 0.57605492 0.31413991 0.58134616 0.03705653 0.0661661
 0.56787813 0.69959139 0.9152106  0.38966092 0.67980781 0.06580583
 0.01766807 0.55266567 0.56222444 0.99545186 0.74465049 0.38680212
 0.46341878 0.76965482 0.09251624 0.36233678 0.81005759 0.42830868
 0.532386   0.10850362 0.15931171 0.0467864  0.34594183 0.75210193] -> [6.0, 0.0006000199999999999]
, [0.73256668 0.9969305  0.43094293 0.79612807 0.6559867  0.1447982
 0.65795121 0.19726555 0.11928198 0.59675812 0.95796563 0.01927513
 0.26583524 0.58545394 0.89121098 0.73622043 0.35396704 0.17912047
 0.62947692 0.73399445 0.66232165 0.74192993 0.87125121 0.82730706
 0.19885516 0.27587458 0.7395651  0.79826211 0.62127466 0.12435546
 0.85727331 0.67538653 0.42507408 0.43306427 0.28447373 0.55118021
 0.55480087 0.4111867  0.37253006 0.66974452 0.70314202 0.6961264
 0.19711184 0.57605492 0.2845378  0.35690252 0.03705653 0.29434908
 0.5710254  0.69959139 0.91164376 0.38966092 0.41880532 0.0610532
 0.01766807 0.55266567 0.61191181 0.99545186 0.74465049 0.38680212
 0.46341878 0.26584445 0.14970401 0.36233678 0.77889813 0.42830868
 0.09104209 0.11983687 0.15931171 0.23893941 0.26499038 0.44220669] -> [6.0, 0.0006000199999999999]
, [0.73256668 0.99710437 0.43560152 0.79612807 0.6559867  0.1447982
 0.728791   0.19726555 0.11928198 0.59675812 0.97187234 0.01898172
 0.26583524 0.58545394 0.89121098 0.73622043 0.35396704 0.14633106
 0.61090768 0.42408365 0.66232165 0.74192993 0.15996725 0.82730706
 0.19390724 0.27587458 0.7395651  0.79826211 0.59995287 0.12474625
 0.86677271 0.67538653 0.43193642 0.43285344 0.26653574 0.55119489
 0.55480087 0.4111867  0.37253006 0.64353414 0.70314202 0.6935035
 0.21435995 0.57605492 0.2845378  0.35690252 0.03705653 0.29428945
 0.56855829 0.69959139 0.89735699 0.38966092 0.41880532 0.0610532
 0.01766807 0.55266567 0.73235692 0.99545186 0.74465049 0.38680212
 0.46341878 0.84024938 0.09927643 0.36233678 0.77889813 0.42830868
 0.32720848 0.57670895 0.15931171 0.40275564 0.27166782 0.44220669] -> [6.0, 0.0006000199999999999]
, [0.73256668 0.99680433 0.84651814 0.79612807 0.6559867  0.1447982
 0.78954815 0.19726555 0.11928198 0.59675812 0.99475863 0.0188755
 0.26583524 0.58545394 0.89121098 0.73622043 0.35396704 0.23293874
 0.6382181  0.27191755 0.66232165 0.74192993 0.67942063 0.82730706
 0.49422944 0.32928645 0.7395651  0.81399193 0.58080767 0.02018816
 0.83978115 0.67538653 0.44040909 0.46815791 0.94858581 0.28002129
 0.55480087 0.4111867  0.37253006 0.00473447 0.70314202 0.6827956
 0.28789348 0.57605492 0.2845378  0.35690252 0.03705653 0.29431429
 0.57286565 0.69959139 0.9152106  0.38966092 0.75628776 0.0610532
 0.01766807 0.55266567 0.56222444 0.99545186 0.74465049 0.38680212
 0.46341878 0.76470447 0.14592731 0.36233678 0.81005759 0.42830868
 0.32873475 0.10850362 0.15931171 0.08553509 0.34594183 0.44220669] -> [6.0, 0.0006000199999999999]
, [0.52949793 0.99465525 0.35635463 0.64498555 0.67164767 0.22446398
 0.33846198 0.1640124  0.69985418 0.60079536 0.98485818 0.02015542
 0.26583524 0.82063414 0.89117632 0.73622043 0.35219062 0.19031908
 0.72711389 0.497302   0.5999705  0.68419404 0.65604624 0.82730706
 0.11595179 0.68594766 0.40269799 0.79826211 0.58935274 0.0165559
 0.99954619 0.17130945 0.03740733 0.5280317  0.24955204 0.36359431
 0.61299574 0.4111867  0.37253006 0.0075612  0.70314202 0.70822921
 0.31350819 0.5620999  0.2662944  0.35367124 0.03745761 0.26341761
 0.58834114 0.69959139 0.92232764 0.50423871 0.64034275 0.06297562
 0.10560826 0.55266567 0.57994903 0.97329494 0.74436906 0.38680212
 0.04209798 0.77139149 0.16415784 0.36233678 0.81005759 0.23488579
 0.33963855 0.09699449 0.15718431 0.09748549 0.35907665 0.42948685] -> [6.0, 0.0006000199999999999]
, [0.73256668 0.99949043 0.42310046 0.79612807 0.6559867  0.1447982
 0.77655984 0.19726555 0.11928198 0.59675812 0.9844931  0.01915962
 0.26583524 0.58545394 0.89121098 0.73622043 0.35396704 0.28304276
 0.62961502 0.83522064 0.66232165 0.74192993 0.8850846  0.82730706
 0.23129914 0.43087569 0.7395651  0.79826211 0.57856557 0.01612762
 0.8361407  0.67538653 0.57374064 0.43672501 0.37286956 0.56259866
 0.55480087 0.4111867  0.37253006 0.21171411 0.70314202 0.70573539
 0.21584575 0.57605492 0.2845378  0.35690252 0.03705653 0.29436722
 0.57068794 0.69959139 0.92153006 0.38966092 0.25310965 0.0610532
 0.01766807 0.55266567 0.56222444 0.99545186 0.74465049 0.38680212
 0.46341878 0.69600173 0.1518132  0.36233678 0.79425991 0.42830868
 0.03082653 0.10850362 0.15931171 0.09886833 0.34594183 0.44220669] -> [6.0, 0.0006000199999999999]
, [0.73256668 0.99680433 0.38124044 0.79612807 0.6559867  0.1447982
 0.74745828 0.19726555 0.11928198 0.59675812 0.95966597 0.00564639
 0.26583524 0.58545394 0.89121098 0.73622043 0.35396704 0.16804592
 0.62268607 0.75057279 0.66232165 0.74192993 0.83088728 0.82730706
 0.03030142 0.41831144 0.7395651  0.81372276 0.58608557 0.04483377
 0.78473964 0.67538653 0.01568324 0.46815791 0.85319527 0.34811332
 0.55480087 0.4111867  0.37253006 0.14405746 0.70314202 0.68652712
 0.41448705 0.57605492 0.48882821 0.35690252 0.03705653 0.05496506
 0.56787813 0.69959139 0.9152106  0.38966092 0.70023542 0.0610532
 0.01766807 0.55266567 0.56222444 0.99545186 0.74465049 0.38680212
 0.46341878 0.85347778 0.01421359 0.36233678 0.81005759 0.42830868
 0.7084875  0.10850362 0.15931171 0.0467864  0.34594183 0.44220669] -> [6.0, 0.0006000199999999999]
, [0.73256668 0.99771463 0.41683994 0.16582618 0.6559867  0.1447982
 0.66040936 0.19726555 0.11928198 0.59675812 0.98459437 0.01904799
 0.26583524 0.58545394 0.89121098 0.73622043 0.35396704 0.18208349
 0.62261929 0.26182611 0.66232165 0.74192993 0.83729254 0.82730706
 0.08128975 0.86156868 0.7395651  0.79826211 0.72832561 0.20670696
 0.88126484 0.67538653 0.32880923 0.43885098 0.874542   0.4843138
 0.55480087 0.4111867  0.37253006 0.16922901 0.70314202 0.70079381
 0.21768751 0.57605492 0.2845378  0.35690252 0.03705653 0.2943624
 0.57239932 0.69959139 0.9152106  0.38966092 0.36305008 0.0610532
 0.01766807 0.62346106 0.56222444 0.99545186 0.74465049 0.38680212
 0.46341878 0.74554519 0.15087674 0.37607214 0.78067489 0.42830868
 0.12888391 0.10850362 0.15931171 0.08409456 0.34594183 0.44220669] -> [6.0, 0.0006000199999999999]
, [0.73256668 0.99612122 0.38124044 0.79612807 0.6559867  0.1447982
 0.73716558 0.19726555 0.11928198 0.59675812 0.98095673 0.01903341
 0.26583524 0.58545394 0.89121098 0.73622043 0.35396704 0.16639525
 0.59849488 0.63056923 0.66232165 0.74192993 0.83088728 0.82730706
 0.60215636 0.9814639  0.7395651  0.79826211 0.58302974 0.26357474
 0.62632803 0.67538653 0.21731675 0.46815791 0.99515464 0.53683874
 0.55480087 0.4111867  0.37253006 0.60726158 0.70314202 0.69465806
 0.21435995 0.57605492 0.2845378  0.35690252 0.03705653 0.29435919
 0.5701389  0.69959139 0.9152106  0.15618283 0.57510447 0.0610532
 0.01766807 0.55266567 0.56222444 0.99545186 0.74465049 0.38680212
 0.46341878 0.85347778 0.21926758 0.36233678 0.81005759 0.42830868
 0.18246667 0.10850362 0.15931171 0.04885006 0.34594183 0.08595025] -> [6.0, 0.0006000199999999999]
, [7.32566680e-01 9.96804329e-01 3.81240443e-01 7.96128065e-01
 6.55986699e-01 1.44798198e-01 7.37165578e-01 1.97265549e-01
 3.17963112e-01 3.64016893e-01 9.82225679e-01 1.90334139e-02
 6.84208417e-02 5.85453941e-01 8.91210984e-01 7.36220429e-01
 6.44761440e-01 1.40367558e-01 5.67853774e-01 7.39880269e-01
 6.62321646e-01 7.41929934e-01 8.30887278e-01 8.27307064e-01
 1.61153950e-02 8.91285807e-01 7.39565101e-01 8.16185927e-01
 5.73694875e-01 2.75551450e-01 7.72696773e-01 6.75386534e-01
 2.17316750e-01 4.68157910e-01 3.93755358e-01 5.36838735e-01
 5.54800866e-01 4.11186699e-01 3.72530058e-01 6.06820067e-01
 7.03142020e-01 6.94880297e-01 1.92184558e-01 5.76054917e-01
 2.84537802e-01 2.59760632e-01 3.70565263e-02 2.94359189e-01
 5.31614037e-01 5.93481515e-01 9.39582287e-01 3.89660922e-01
 4.99916489e-01 6.10532035e-02 1.76680744e-02 5.52665671e-01
 5.78404246e-01 9.38420242e-01 7.44650494e-01 4.46364407e-01
 4.98982134e-01 3.78253467e-01 2.03260951e-01 3.62336781e-01
 8.10057588e-01 1.01630043e-01 1.95663948e-01 1.08503624e-01
 1.43632851e-01 7.11452892e-04 3.38829706e-01 6.74904660e-01] -> [6.0, 0.0006000199999999999]
, [0.73256668 0.99680433 0.3775052  0.79612807 0.47587685 0.1447982
 0.7522691  0.19726555 0.1187642  0.44341094 0.98177748 0.01913179
 0.26583524 0.58545394 0.89121098 0.73622043 0.35396704 0.1607856
 0.60568877 0.60630418 0.66232165 0.74192993 0.8178195  0.82730706
 0.31107065 0.88796371 0.7395651  0.79826211 0.58087296 0.37882498
 0.82864633 0.67538653 0.43385904 0.01207536 0.30836813 0.4721933
 0.55480087 0.4111867  0.37253006 0.24223376 0.70314202 0.70553339
 0.18808306 0.57605492 0.2845378  0.35690252 0.03705653 0.29436711
 0.55522326 0.69959139 0.9152106  0.67997248 0.45832411 0.0610532
 0.01766807 0.55266567 0.56222444 0.99545186 0.74295588 0.60460395
 0.26905424 0.83229899 0.18207561 0.36233678 0.81005759 0.42830868
 0.09565942 0.10850362 0.15931171 0.08663132 0.34594183 0.44220669] -> [6.0, 0.0006000199999999999]
, [0.73256668 0.99680433 0.38124044 0.79612807 0.6559867  0.1447982
 0.73716558 0.19726555 0.11928198 0.59675812 0.98110721 0.01903341
 0.26583524 0.58545394 0.89121098 0.73622043 0.35396704 0.28156007
 0.61168098 0.74940587 0.66232165 0.74192993 0.83088728 0.82730706
 0.03816808 0.30812409 0.7395651  0.79826211 0.59597078 0.26826324
 0.98690283 0.67538653 0.21731675 0.46815791 0.56574975 0.53683874
 0.55480087 0.4111867  0.37253006 0.53614314 0.70314202 0.69374184
 0.21435995 0.57605492 0.2845378  0.35690252 0.03705653 0.29435919
 0.58580558 0.69959139 0.9152106  0.63905305 0.6725342  0.0610532
 0.01766807 0.55266567 0.56222444 0.99545186 0.74465049 0.33272313
 0.46341878 0.85347778 0.20326095 0.36233678 0.81005759 0.42830868
 0.19582755 0.10850362 0.15931171 0.04570518 0.02864043 0.44220669] -> [6.0, 0.0006000199999999999]
, [7.32566680e-01 9.96804329e-01 3.81240443e-01 7.96128065e-01
 6.55986699e-01 1.44798198e-01 7.37165578e-01 1.97265549e-01
 3.17963112e-01 3.64016893e-01 9.82225679e-01 1.90334139e-02
 6.84208417e-02 5.85453941e-01 8.91210984e-01 7.36220429e-01
 6.44761440e-01 1.40367558e-01 5.67853774e-01 7.39880269e-01
 6.62321646e-01 7.41929934e-01 8.30887278e-01 8.27307064e-01
 1.61153950e-02 8.91285807e-01 7.39565101e-01 8.16185927e-01
 5.73694875e-01 2.75551450e-01 7.72696773e-01 6.75386534e-01
 2.17316750e-01 4.68157910e-01 3.93755358e-01 5.36838735e-01
 5.54800866e-01 4.11186699e-01 3.72530058e-01 6.06820067e-01
 7.03142020e-01 6.94880297e-01 1.92184558e-01 5.76054917e-01
 2.84537802e-01 2.59760632e-01 3.70565263e-02 2.94359189e-01
 5.31614037e-01 5.93481515e-01 9.39582287e-01 3.89660922e-01
 4.99916489e-01 6.10532035e-02 1.76680744e-02 5.52665671e-01
 5.78404246e-01 9.38420242e-01 7.44650494e-01 4.46364407e-01
 4.98982134e-01 3.78253467e-01 2.03260951e-01 3.62336781e-01
 8.10057588e-01 1.01630043e-01 1.95663948e-01 1.08503624e-01
 1.43632851e-01 8.71488996e-04 3.38829706e-01 6.74904660e-01] -> [6.0, 0.0006000199999999999]
, [0.15063019 0.97015591 0.39657547 0.69594398 0.71949263 0.24289564
 0.74403622 0.17245588 0.59657256 0.57656753 0.98573566 0.02100324
 0.26583524 0.84732837 0.89438669 0.73622043 0.35646753 0.27016979
 0.4568661  0.66124906 0.61633391 0.6840872  0.81080414 0.82730706
 0.47412169 0.2059099  0.31641748 0.83486424 0.71944955 0.05675588
 0.8404931  0.67391348 0.15638379 0.47744201 0.56966069 0.40577473
 0.27171593 0.53279082 0.37253006 0.58125913 0.14958334 0.68684703
 0.29049032 0.64632866 0.23544515 0.42533381 0.03461277 0.01569371
 0.52572552 0.69959139 0.91828527 0.37898334 0.39978504 0.06653737
 0.15001305 0.55266567 0.52757836 0.97586016 0.73584428 0.38680212
 0.54591232 0.18478785 0.05383486 0.36233678 0.81005759 0.18870742
 0.3623336  0.0945979  0.13841407 0.20217027 0.37377832 0.63572597] -> [6.0, 0.0006000199999999999]
, [7.32566680e-01 9.96804329e-01 3.81240443e-01 7.96128065e-01
 4.85047352e-01 1.44798198e-01 7.45801759e-01 1.97265549e-01
 2.24628486e-01 5.96979573e-01 9.60104805e-01 1.90334150e-02
 2.65835238e-01 5.85453941e-01 8.91210984e-01 7.36220429e-01
 3.53967043e-01 3.68934486e-01 6.01367797e-01 6.23245691e-01
 6.62321646e-01 7.41929934e-01 8.42454240e-01 8.27307064e-01
 2.50877708e-02 9.87382453e-01 7.39565101e-01 7.98262114e-01
 5.83179962e-01 4.25529226e-01 6.33422593e-01 6.75386534e-01
 2.17316750e-01 6.16042353e-01 9.99488044e-01 5.85149831e-01
 6.13874726e-01 4.11186699e-01 3.72530058e-01 6.07088594e-01
 7.03142020e-01 6.98765952e-01 2.14359952e-01 5.76054917e-01
 2.84537802e-01 3.56902515e-01 3.70565263e-02 5.16434199e-01
 5.71192094e-01 6.99591386e-01 9.15210605e-01 3.89660922e-01
 5.89864833e-01 6.52677455e-01 1.76680744e-02 5.52665671e-01
 5.62224439e-01 9.95451859e-01 7.44650494e-01 3.86802124e-01
 4.63418785e-01 8.53477779e-01 4.55635729e-02 3.62336781e-01
 8.10057588e-01 7.46983385e-01 1.83248830e-01 1.08503624e-01
 1.59311707e-01 8.67388092e-05 3.45941827e-01 4.42206688e-01] -> [6.0, 0.0006000199999999999]
, [0.73256668 0.99680433 0.38124044 0.79612807 0.6559867  0.1447982
 0.73716558 0.19726555 0.11928198 0.59675812 0.98095673 0.01903341
 0.26583524 0.58545394 0.89121098 0.73622043 0.35396704 0.16639525
 0.59849488 0.63056923 0.66232165 0.74192993 0.83088728 0.82730706
 0.02728694 0.9814639  0.7395651  0.79826211 0.58302974 0.26357474
 0.62632803 0.67538653 0.21731675 0.46815791 0.99515464 0.53683874
 0.55480087 0.4111867  0.37253006 0.60726158 0.70314202 0.69465806
 0.21435995 0.57605492 0.2845378  0.35690252 0.03705653 0.29435919
 0.5701389  0.69959139 0.9152106  0.38966092 0.57510447 0.0610532
 0.01766807 0.55266567 0.56222444 0.99545186 0.74465049 0.38680212
 0.46341878 0.75075846 0.20326095 0.36233678 0.81005759 0.42830868
 0.18246667 0.07042088 0.15931171 0.04433078 0.34594183 0.44220669] -> [6.0, 0.0006000199999999999]
, [0.73256668 0.99680433 0.38124044 0.79612807 0.6559867  0.1447982
 0.73716558 0.19726555 0.11928198 0.59675812 0.98558572 0.01903341
 0.26583524 0.58545394 0.89121098 0.73622043 0.35396704 0.18400382
 0.61073843 0.82871156 0.66232165 0.74192993 0.83088728 0.82730706
 0.12134325 0.2888867  0.7395651  0.79826211 0.59633966 0.04890838
 0.87359462 0.67538653 0.14324207 0.46815791 0.52922999 0.53683874
 0.55480087 0.4111867  0.37253006 0.60665287 0.70314202 0.68990623
 0.21435995 0.57605492 0.2845378  0.35690252 0.03705653 0.29703773
 0.56796438 0.69959139 0.9152106  0.38966092 0.56146878 0.0610532
 0.01766807 0.55266567 0.56222444 0.99545186 0.74465049 0.38680212
 0.46341878 0.85347778 0.05932683 0.36233678 0.80056554 0.42830868
 0.10895691 0.10850362 0.15931171 0.12709951 0.34594183 0.44220669] -> [6.0, 0.0006000199999999999]
, [0.15063019 0.97015591 0.39657547 0.69594398 0.71949263 0.24289564
 0.74403622 0.17245588 0.59657256 0.57656753 0.98573566 0.02100324
 0.26583524 0.84732837 0.89438669 0.73622043 0.35646753 0.27016979
 0.4568661  0.66124906 0.61633391 0.6840872  0.81080414 0.82730706
 0.47412169 0.2059099  0.31641748 0.83486424 0.71944955 0.05675588
 0.8404931  0.67391348 0.15638379 0.47744201 0.56966069 0.40577473
 0.27171593 0.53279082 0.37253006 0.58125913 0.14958334 0.68684703
 0.29049032 0.64632866 0.23544515 0.42533381 0.03461277 0.01569371
 0.52572552 0.69959139 0.91828527 0.37898334 0.39978504 0.06653737
 0.15001305 0.55266567 0.52757836 0.97586016 0.73584428 0.38680212
 0.54591232 0.18478785 0.05383486 0.36233678 0.81005759 0.18870742
 0.3623336  0.0945979  0.13841407 0.20217027 0.37377832 0.42743585] -> [6.0, 0.0006000199999999999]
, [0.73256668 0.99794725 0.42310046 0.79612807 0.6559867  0.1447982
 0.77400734 0.19726555 0.11928198 0.59675812 0.98459437 0.01915962
 0.26583524 0.58545394 0.89121098 0.73622043 0.35396704 0.25216155
 0.62777042 0.83659942 0.66232165 0.74192993 0.8889468  0.82730706
 0.20198845 0.3216461  0.7395651  0.79826211 0.61354347 0.00894148
 0.83703781 0.67538653 0.3666557  0.43672501 0.35586475 0.49131716
 0.55480087 0.4111867  0.37253006 0.30397065 0.70314202 0.69775424
 0.19347012 0.57605492 0.2845378  0.35690252 0.03705653 0.29436351
 0.57186635 0.69959139 0.9152106  0.38966092 0.26326762 0.0610532
 0.01766807 0.55266567 0.56222444 0.99545186 0.74465049 0.38680212
 0.46341878 0.72218263 0.1513468  0.36233678 0.78823348 0.42830868
 0.11432281 0.10850362 0.15931171 0.09886833 0.34594183 0.44220669] -> [6.0, 0.0006000199999999999]
, [0.73256668 0.99680433 0.38124044 0.79612807 0.6559867  0.1447982
 0.73716558 0.19726555 0.11928198 0.59675812 0.98459437 0.01903341
 0.26583524 0.58545394 0.89121098 0.73622043 0.35396704 0.24721631
 0.60845175 0.45717335 0.66232165 0.74192993 0.83088728 0.82730706
 0.07373137 0.31169302 0.7395651  0.79826211 0.59942092 0.71523123
 0.80514058 0.67538653 0.3666557  0.46815791 0.33525218 0.53683874
 0.55480087 0.4111867  0.37253006 0.60726158 0.70314202 0.69639775
 0.21435995 0.57605492 0.2845378  0.35690252 0.03705653 0.29435919
 0.57186635 0.69959139 0.9152106  0.38966092 0.46727303 0.0610532
 0.01766807 0.55266567 0.56222444 0.99545186 0.74465049 0.38680212
 0.46341878 0.85347778 0.20326095 0.36233678 0.83952653 0.42830868
 0.13043686 0.10850362 0.15931171 0.09992514 0.34594183 0.44220669] -> [6.0, 0.0006000199999999999]
, [0.73256668 0.99680433 0.38124044 0.79612807 0.6559867  0.7925672
 0.73716558 0.19726555 0.11928198 0.84860124 0.98353206 0.01903341
 0.26583524 0.58545394 0.89121098 0.73622043 0.35396704 0.2361123
 0.61001704 0.32694713 0.66232165 0.74192993 0.83088728 0.82730706
 0.07896305 0.32126456 0.7395651  0.84889028 0.59420866 0.48895195
 0.79251002 0.67538653 0.21731675 0.46815791 0.48795696 0.53683874
 0.55480087 0.4111867  0.37253006 0.6111541  0.70314202 0.64552563
 0.23514878 0.57605492 0.2845378  0.35690252 0.03705653 0.29435919
 0.58114701 0.69959139 0.9152106  0.38966092 0.5385372  0.0610532
 0.01766807 0.55266567 0.56222444 0.88137793 0.74465049 0.3158601
 0.25249324 0.85347778 0.20326095 0.36233678 0.81005759 0.42830868
 0.25461963 0.10850362 0.12995623 0.19282043 0.55254859 0.44220669] -> [6.0, 0.0006000199999999999]
, [0.60922645 0.79089738 0.19933284 0.97042912 0.06551706 0.53004159
 0.92629038 0.2794634  0.52937662 0.52397665 0.64436767 0.04744764
 0.30991048 0.9644095  0.71270625 0.61760307 0.40354073 0.26404902
 0.67898356 0.87542661 0.48586144 0.22874767 0.87695588 0.94637269
 0.28730422 0.93014561 0.72242615 0.69501244 0.72891254 0.20103687
 0.45096267 0.63783673 0.54229224 0.3523479  0.27017412 0.94944748
 0.4908649  0.30109509 0.48690018 0.68727182 0.06781769 0.7013635
 0.36120625 0.25161883 0.25273293 0.36531801 0.60706053 0.13553183
 0.500844   0.58392268 0.42323368 0.37481969 0.42558304 0.11805652
 0.22582062 0.16455571 0.62427328 0.61407379 0.71177535 0.24522107
 0.56984556 0.47417289 0.63405691 0.35773838 0.7100107  0.37760811
 0.69800876 0.08039999 0.31831055 0.73921939 0.35676639 0.48486649] -> [6.0, 0.0006000199999999999]
, [0.73256668 0.99680433 0.42255872 0.79612807 0.6559867  0.1447982
 0.77667336 0.19726555 0.11928198 0.59675812 0.98448711 0.01913501
 0.26583524 0.58545394 0.89121098 0.73622043 0.35396704 0.23293874
 0.62242809 0.81004534 0.66232165 0.74192993 0.86558108 0.82730706
 0.49422944 0.88796371 0.7395651  0.79826211 0.58080767 0.01488887
 0.83978115 0.67538653 0.43385904 0.01207536 0.37175    0.32779226
 0.55480087 0.4111867  0.37253006 0.00255748 0.70314202 0.70604739
 0.28607885 0.57605492 0.2845378  0.35690252 0.03705653 0.29436735
 0.60750489 0.69959139 0.9152106  0.38966092 0.24010937 0.0610532
 0.01766807 0.55266567 0.56222444 0.99545186 0.74465049 0.38680212
 0.46341878 0.70031477 0.15542797 0.36233678 0.81005759 0.42830868
 0.02711644 0.10850362 0.15931171 0.106553   0.34594183 0.44220669] -> [6.0, 0.0006000199999999999]
, [0.73256668 0.99680433 0.84651814 0.79612807 0.6559867  0.1447982
 0.78954815 0.19726555 0.11928198 0.59675812 0.983886   0.01886581
 0.26583524 0.58545394 0.89121098 0.73622043 0.35396704 0.23293874
 0.62398577 0.27191755 0.66232165 0.74192993 0.83088728 0.82730706
 0.49422944 0.64585428 0.7395651  0.79826211 0.58080767 0.02138376
 0.83978115 0.67538653 0.03638829 0.46815791 0.86074829 0.27774791
 0.55480087 0.4111867  0.37253006 0.00471715 0.70314202 0.68433741
 0.30122442 0.57605492 0.2845378  0.35690252 0.03705653 0.29430305
 0.56909001 0.69959139 0.9152106  0.38966092 0.87386697 0.0610532
 0.01766807 0.55266567 0.56222444 0.99545186 0.74465049 0.38680212
 0.46341878 0.63003616 0.14530501 0.36233678 0.81005759 0.42830868
 0.34770427 0.10850362 0.15931171 0.09912139 0.34594183 0.44220669] -> [6.0, 0.0006000199999999999]
, [0.05303633 0.87929666 0.38124044 0.94385065 0.61892458 0.19474276
 0.74031052 0.36884314 0.7026224  0.07873497 0.70016543 0.0520307
 0.25305044 0.9558061  0.64435661 0.07043528 0.32714516 0.2710795
 0.56580805 0.87621993 0.70425796 0.31066663 0.83203013 0.03985164
 0.17296037 0.16935615 0.72702989 0.6692209  0.69550495 0.7123727
 0.00195422 0.61943845 0.19194048 0.48573361 0.23537644 0.92863821
 0.86041918 0.65499846 0.37992424 0.66650977 0.3783504  0.63773521
 0.56019494 0.36605376 0.2845378  0.19602285 0.31296806 0.4353308
 0.72315683 0.49205281 0.9152106  0.39910396 0.20552961 0.66983803
 0.03200024 0.14695756 0.3828666  0.68519067 0.6971928  0.38680212
 0.51433014 0.50253296 0.26527609 0.27247336 0.33077588 0.26792998
 0.11566402 0.0144389  0.17517189 0.27011429 0.34919839 0.44702037] -> [6.0, 0.0006000199999999999]
, [0.68916982 0.99680433 0.36551508 0.41891137 0.40168231 0.5517103
 0.86500116 0.1450188  0.49473351 0.72798113 0.98095673 0.12724914
 0.26650097 0.94835776 0.9132545  0.67627176 0.47634198 0.08373591
 0.88133074 0.50917587 0.29277779 0.10726845 0.87067882 0.62608547
 0.03777441 0.75704448 0.70782063 0.7547239  0.54798324 0.67468635
 0.30777046 0.58911136 0.3097899  0.3211912  0.52009249 0.82688584
 0.81702439 0.17375179 0.87992755 0.61510928 0.45634991 0.70545885
 0.39155982 0.57605492 0.31218982 0.28836579 0.53434159 0.29403234
 0.70142311 0.69959139 0.87909703 0.38478326 0.33445904 0.53807972
 0.15244058 0.27978593 0.59143311 0.72869318 0.74465049 0.48150513
 0.22009722 0.16155037 0.22154365 0.65056698 0.36859231 0.48089375
 0.20888739 0.07048066 0.58457331 0.0774594  0.36196081 0.44141365] -> [6.0, 0.0006000199999999999]
, [0.73256668 0.99680433 0.38124044 0.79612807 0.6559867  0.1447982
 0.73716558 0.19726555 0.11928198 0.59675812 0.98095673 0.01903341
 0.26583524 0.58545394 0.89121098 0.73622043 0.35396704 0.16639525
 0.59849488 0.63056923 0.66232165 0.74192993 0.83088728 0.82730706
 0.02728694 0.9814639  0.7395651  0.79826211 0.58302974 0.26357474
 0.62632803 0.67538653 0.21731675 0.46815791 0.99515464 0.53683874
 0.55480087 0.4111867  0.37253006 0.60726158 0.70314202 0.69465806
 0.21435995 0.57605492 0.2845378  0.35690252 0.03705653 0.29435919
 0.5701389  0.69959139 0.9152106  0.38966092 0.57510447 0.0610532
 0.01766807 0.55266567 0.56222444 0.99545186 0.74465049 0.38680212
 0.46341878 0.85347778 0.20326095 0.36233678 0.81005759 0.42830868
 0.18246667 0.10850362 0.15931171 0.04885006 0.34594183 0.44220669] -> [6.0, 0.0006000199999999999]
, [0.73256668 0.99813382 0.38124044 0.79612807 0.6559867  0.1447982
 0.73716558 0.19726555 0.11928198 0.59675812 0.98095673 0.01903341
 0.26583524 0.58545394 0.89121098 0.73622043 0.35396704 0.16639525
 0.59849488 0.63056923 0.66232165 0.74192993 0.83088728 0.82730706
 0.02728694 0.9814639  0.7395651  0.79826211 0.58302974 0.26357474
 0.62632803 0.67538653 0.21731675 0.46815791 0.99515464 0.53683874
 0.55480087 0.4111867  0.37253006 0.60726158 0.70314202 0.69465806
 0.21435995 0.57605492 0.2845378  0.35690252 0.03705653 0.29435919
 0.5701389  0.69959139 0.9152106  0.16380084 0.57510447 0.0610532
 0.01766807 0.55266567 0.56222444 0.99545186 0.74465049 0.38680212
 0.46341878 0.85347778 0.18721991 0.36233678 0.81005759 0.42830868
 0.18246667 0.10850362 0.15931171 0.04885006 0.34594183 0.44220669] -> [6.0, 0.0006000199999999999]
, [0.73256668 0.99680433 0.38124044 0.79612807 0.6559867  0.1447982
 0.73716558 0.19726555 0.11928198 0.59675812 0.98512124 0.01903341
 0.26583524 0.58545394 0.89121098 0.73622043 0.35396704 0.22499073
 0.61168098 0.72347512 0.66232165 0.74192993 0.83088728 0.82730706
 0.08225565 0.30019954 0.7395651  0.79826211 0.59563192 0.26629243
 0.98957063 0.67538653 0.21731675 0.46815791 0.56574975 0.53683874
 0.55480087 0.4111867  0.37253006 0.58016532 0.70314202 0.69374184
 0.21435995 0.57605492 0.2845378  0.35690252 0.03705653 0.29435919
 0.58558919 0.69959139 0.9152106  0.38966092 0.46556775 0.0610532
 0.01766807 0.55266567 0.56222444 0.99545186 0.74465049 0.38680212
 0.46341878 0.85347778 0.20326095 0.36233678 0.81005759 0.42830868
 0.14149013 0.10850362 0.15931171 0.03393662 0.34594183 0.44220669] -> [6.0, 0.0006000199999999999]
, [0.73256668 0.99680433 0.38124044 0.79612807 0.6559867  0.1447982
 0.73716558 0.19726555 0.00965766 0.59675812 0.98095673 0.01903341
 0.10202647 0.58545394 0.89121098 0.73622043 0.35396704 0.16639525
 0.59849488 0.63056923 0.66232165 0.74192993 0.83088728 0.82730706
 0.02728694 0.9814639  0.7395651  0.79826211 0.58302974 0.26357474
 0.62632803 0.67538653 0.21731675 0.46815791 0.99515464 0.53683874
 0.55480087 0.4111867  0.37253006 0.60726158 0.70314202 0.69465806
 0.21435995 0.57605492 0.2845378  0.35690252 0.03705653 0.29435919
 0.5701389  0.69959139 0.9152106  0.38966092 0.57510447 0.0610532
 0.01766807 0.55266567 0.56222444 0.99545186 0.74465049 0.38680212
 0.46341878 0.85347778 0.20326095 0.36233678 0.81005759 0.42830868
 0.18246667 0.10850362 0.15931171 0.04885006 0.34594183 0.44220669] -> [6.0, 0.0006000199999999999]
, [0.73256668 0.99680433 0.38124044 0.79612807 0.6559867  0.1447982
 0.73716558 0.19726555 0.00965766 0.59675812 0.98095673 0.01903341
 0.10202647 0.58545394 0.89121098 0.73622043 0.35396704 0.16639525
 0.59849488 0.63056923 0.66232165 0.74192993 0.83088728 0.82730706
 0.02728694 0.9814639  0.7395651  0.79826211 0.58302974 0.26357474
 0.62632803 0.67538653 0.21731675 0.46815791 0.99515464 0.53683874
 0.55480087 0.4111867  0.37253006 0.60726158 0.70314202 0.69465806
 0.21435995 0.57605492 0.2845378  0.35690252 0.03705653 0.29435919
 0.5701389  0.69959139 0.94828652 0.38966092 0.57510447 0.0610532
 0.01766807 0.55266567 0.56222444 0.99545186 0.74465049 0.38680212
 0.46341878 0.32715494 0.20326095 0.36233678 0.81005759 0.42830868
 0.18246667 0.10850362 0.15931171 0.04885006 0.34594183 0.44220669] -> [6.0, 0.0006000199999999999]
, [0.73256668 0.99680433 0.38124044 0.79612807 0.41174102 0.1447982
 0.73716558 0.19726555 0.04531623 0.7629285  0.98095673 0.01903341
 0.26583524 0.58545394 0.89121098 0.73622043 0.35396704 0.16639525
 0.59849488 0.63056923 0.66232165 0.74192993 0.83088728 0.82730706
 0.02728694 0.9814639  0.7395651  0.79826211 0.58302974 0.26357474
 0.62632803 0.67538653 0.21731675 0.46815791 0.99515464 0.53683874
 0.55480087 0.4111867  0.37253006 0.60726158 0.70314202 0.69465806
 0.21435995 0.57605492 0.2845378  0.35690252 0.03705653 0.29435919
 0.5701389  0.69959139 0.9152106  0.38966092 0.57510447 0.0610532
 0.01766807 0.55266567 0.56222444 0.99545186 0.74465049 0.38680212
 0.46341878 0.85347778 0.20326095 0.36233678 0.81005759 0.42830868
 0.18246667 0.10850362 0.15931171 0.04885006 0.34594183 0.44220669] -> [6.0, 0.0006000199999999999]
, [0.73256668 0.93722567 0.38124044 0.84514808 0.75118617 0.53617777
 0.77480076 0.12252485 0.10460322 0.57022467 0.86690299 0.00311172
 0.24480957 0.49418591 0.98903809 0.51037902 0.35396704 0.23819294
 0.76992886 0.70271751 0.66232165 0.74192993 0.83088728 0.55530452
 0.08080527 0.33904863 0.72817529 0.85803481 0.46728015 0.49839121
 0.98957063 0.52285519 0.05097155 0.46815791 0.71053348 0.5406049
 0.82483723 0.40336868 0.37253006 0.60338896 0.49721281 0.40765491
 0.47737131 0.57605492 0.23180324 0.09751978 0.03705653 0.29435919
 0.64035243 0.71916638 0.41487382 0.38293377 0.06262116 0.19438846
 0.01305507 0.36852547 0.56222444 0.99545186 0.74259492 0.42496262
 0.46034346 0.5167073  0.20326095 0.64446051 0.68774012 0.45586804
 0.20919839 0.10521589 0.2283264  0.0056674  0.34685689 0.44220669] -> [6.0, 0.0006000199999999999]
, [0.73256668 0.99680433 0.38124044 0.79612807 0.6559867  0.1447982
 0.73716558 0.19726555 0.11928198 0.59675812 0.97615003 0.01903341
 0.26583524 0.58545394 0.89121098 0.73622043 0.35396704 0.20780987
 0.59849488 0.61203533 0.66232165 0.74192993 0.83088728 0.82730706
 0.02324307 0.39938237 0.7395651  0.79826211 0.59612106 0.2666852
 0.70031296 0.67538653 0.21731675 0.57229663 0.99515464 0.53683874
 0.55480087 0.4111867  0.37253006 0.60348367 0.70314202 0.69720501
 0.21435995 0.57605492 0.2845378  0.35690252 0.03705653 0.29435919
 0.57577714 0.69959139 0.9152106  0.38966092 0.7795321  0.25601397
 0.01766807 0.55266567 0.56222444 0.99545186 0.74465049 0.38680212
 0.46341878 0.85347778 0.20326095 0.36233678 0.81005759 0.42830868
 0.13688332 0.10850362 0.15931171 0.04733885 0.34594183 0.44220669] -> [6.0, 0.0006000199999999999]
, [0.73256668 0.99680433 0.38124044 0.79612807 0.6559867  0.1447982
 0.73716558 0.19726555 0.11928198 0.59675812 0.988587   0.01903341
 0.26583524 0.58545394 0.89121098 0.73622043 0.35396704 0.18400382
 0.61168098 0.73900723 0.66232165 0.74192993 0.83088728 0.82730706
 0.1009508  0.81873454 0.7395651  0.79826211 0.5825327  0.26318355
 0.8763939  0.67538653 0.10664665 0.46815791 0.45877158 0.53683874
 0.55480087 0.4111867  0.37253006 0.61003553 0.70314202 0.69118909
 0.21435995 0.57605492 0.2845378  0.35690252 0.03705653 0.36369593
 0.57994871 0.69959139 0.9152106  0.38966092 0.78671783 0.0610532
 0.01766807 0.55266567 0.56222444 0.99545186 0.74465049 0.38680212
 0.46341878 0.85347778 0.20326095 0.36233678 0.81005759 0.42830868
 0.18836129 0.10850362 0.15931171 0.0357594  0.34594183 0.44220669] -> [6.0, 0.0006000199999999999]
, [0.73256668 0.99680433 0.38124044 0.79612807 0.6559867  0.05924861
 0.73716558 0.19726555 0.11928198 0.59675812 0.99993355 0.01903341
 0.26583524 0.58545394 0.89121098 0.73622043 0.68449972 0.23293874
 0.6062212  0.73112336 0.66232165 0.74192993 0.83088728 0.82730706
 0.07484042 0.182509   0.7395651  0.79826211 0.21015227 0.57603155
 0.75439916 0.67538653 0.21731675 0.46815791 0.91863895 0.53683874
 0.55480087 0.4111867  0.37253006 0.62178838 0.70314202 0.70040819
 0.21435995 0.57605492 0.25605843 0.35690252 0.03705653 0.29435919
 0.5699787  0.69959139 0.9152106  0.38966092 0.51841268 0.0610532
 0.01766807 0.55266567 0.56222444 0.99545186 0.74465049 0.38680212
 0.46341878 0.86926048 0.20326095 0.39980281 0.81005759 0.42830868
 0.54019547 0.10850362 0.06016499 0.20191026 0.34594183 0.44220669] -> [6.0, 0.0006000199999999999]
, [0.73256668 0.99680433 0.38124044 0.79612807 0.6559867  0.1447982
 0.78954815 0.19726555 0.11928198 0.59675812 0.983886   0.01886581
 0.26583524 0.58545394 0.89121098 0.73622043 0.35396704 0.23293874
 0.62398577 0.27191755 0.66232165 0.74192993 0.83088728 0.82730706
 0.08962846 0.64585428 0.7395651  0.79826211 0.58080767 0.02138376
 0.83978115 0.67538653 0.03638829 0.46815791 0.86074829 0.27774791
 0.55480087 0.4111867  0.37253006 0.00471715 0.70314202 0.68433741
 0.30122442 0.57605492 0.2845378  0.35690252 0.03705653 0.29430305
 0.56909001 0.69959139 0.9152106  0.38966092 0.87386697 0.0610532
 0.01766807 0.55266567 0.56222444 0.99545186 0.74465049 0.38680212
 0.46341878 0.85347778 0.14530501 0.36233678 0.81005759 0.42830868
 0.34770427 0.10850362 0.15931171 0.09912139 0.34594183 0.44220669] -> [6.0, 0.0006000199999999999]
, [0.73256668 0.99680433 0.38124044 0.79612807 0.62520284 0.1447982
 0.73716558 0.19726555 0.11928198 0.11715925 0.98766528 0.01903341
 0.26583524 0.58545394 0.89121098 0.73622043 0.35396704 0.18400382
 0.38428953 0.60485206 0.66232165 0.74192993 0.83088728 0.82730706
 0.11824407 0.339043   0.7395651  0.79826211 0.5841165  0.7004785
 0.87364146 0.67538653 0.15435001 0.46815791 0.4186456  0.53683874
 0.55480087 0.13080913 0.37253006 0.61417882 0.70314202 0.69118909
 0.32044984 0.57605492 0.2845378  0.35690252 0.03705653 0.29395271
 0.57403933 0.69959139 0.9152106  0.38966092 0.46869923 0.0610532
 0.01766807 0.55266567 0.56222444 0.91125711 0.74465049 0.38680212
 0.49344338 0.85347778 0.20326095 0.36233678 0.81005759 0.42830868
 0.23482148 0.10850362 0.05857325 0.26766931 0.34594183 0.44220669] -> [6.0, 0.0006000199999999999]
, [0.73256668 0.99680433 0.38124044 0.79612807 0.46531835 0.1447982
 0.73716558 0.19726555 0.10405532 0.40946997 0.98095673 0.01903341
 0.26583524 0.58545394 0.89121098 0.73622043 0.35396704 0.16639525
 0.59849488 0.63056923 0.66232165 0.74192993 0.83088728 0.82730706
 0.02728694 0.9814639  0.7395651  0.79826211 0.58302974 0.26357474
 0.62632803 0.67538653 0.21731675 0.46815791 0.99515464 0.53683874
 0.55480087 0.4111867  0.37253006 0.60726158 0.70314202 0.69465806
 0.21435995 0.57605492 0.2845378  0.35690252 0.03705653 0.29435919
 0.5701389  0.69959139 0.9152106  0.38966092 0.57510447 0.0610532
 0.01766807 0.55266567 0.56222444 0.99545186 0.74465049 0.38680212
 0.46341878 0.85347778 0.20326095 0.00509353 0.81005759 0.42830868
 0.18246667 0.10850362 0.15931171 0.04885006 0.34594183 0.44220669] -> [6.0, 0.0006000199999999999]
, [0.73256668 0.99680433 0.38124044 0.79612807 0.40032624 0.1447982
 0.74109844 0.19726555 0.01118061 0.61493534 0.94816263 0.01903353
 0.26583524 0.58545394 0.89121098 0.73622043 0.35396704 0.30968847
 0.60425174 0.63609307 0.66232165 0.74192993 0.8382953  0.82730706
 0.01412549 0.81390676 0.7395651  0.79826211 0.57575648 0.61528991
 0.62632803 0.67538653 0.21731675 0.46815791 0.98237615 0.36141367
 0.82502136 0.4111867  0.37253006 0.60726158 0.70314202 0.7003036
 0.21435995 0.57605492 0.2845378  0.35690252 0.03705653 0.29435919
 0.57187199 0.69959139 0.9152106  0.38966092 0.5888495  0.0610532
 0.01766807 0.55266567 0.56222444 0.99545186 0.74465049 0.38680212
 0.46341878 0.85347778 0.51645548 0.36233678 0.81005759 0.42830868
 0.24697303 0.10850362 0.15931171 0.05027397 0.34594183 0.44220669] -> [6.0, 0.0006000199999999999]
, [0.73256668 0.99680433 0.84651814 0.79612807 0.6559867  0.1447982
 0.78954815 0.19726555 0.11928198 0.59675812 0.983886   0.01886581
 0.26583524 0.58545394 0.89121098 0.73622043 0.35396704 0.23293874
 0.62398577 0.27191755 0.66232165 0.74192993 0.83088728 0.82730706
 0.49422944 0.64585428 0.7395651  0.79826211 0.58080767 0.02138376
 0.83978115 0.67538653 0.03638829 0.46815791 0.86074829 0.27774791
 0.55480087 0.4111867  0.37253006 0.00471715 0.70314202 0.68433741
 0.30122442 0.57605492 0.2845378  0.35690252 0.03705653 0.29430305
 0.56909001 0.69959139 0.9152106  0.38966092 0.87386697 0.0610532
 0.01766807 0.55266567 0.56222444 0.99545186 0.74465049 0.38680212
 0.46341878 0.85347778 0.14530501 0.36233678 0.81005759 0.42830868
 0.34770427 0.10850362 0.15931171 0.09912139 0.34594183 0.44220669] -> [6.0, 0.0006000199999999999]
, [0.73256668 0.99680433 0.38124044 0.79612807 0.6559867  0.1447982
 0.75745785 0.19726555 0.11928198 0.59675812 0.98610409 0.0168319
 0.26583524 0.58545394 0.89121098 0.73622043 0.35396704 0.23293874
 0.6062212  0.63056923 0.66232165 0.74192993 0.83088728 0.82730706
 0.14299217 0.43239959 0.7395651  0.79826211 0.12998425 0.57603155
 0.62632803 0.67538653 0.21731675 0.46815791 0.99504197 0.53479692
 0.55480087 0.4111867  0.37253006 0.60726158 0.70314202 0.70019117
 0.26088018 0.57605492 0.53534919 0.35690252 0.03705653 0.34180314
 0.58217905 0.69959139 0.9152106  0.38966092 0.49868426 0.07377403
 0.01766807 0.55266567 0.56222444 0.99545186 0.74465049 0.38680212
 0.46341878 0.34744232 0.27669358 0.62028623 0.81005759 0.42830868
 0.69561411 0.10850362 0.15931171 0.52067105 0.34594183 0.44220669] -> [6.0, 0.0006000199999999999]
, [0.73256668 0.99680433 0.38124044 0.79612807 0.6559867  0.1447982
 0.75471699 0.19726555 0.11928198 0.59675812 0.97862804 0.01890326
 0.26583524 0.58545394 0.89121098 0.73622043 0.35396704 0.26797579
 0.60329936 0.48178556 0.66232165 0.74192993 0.83088728 0.82730706
 0.02136394 0.64585428 0.7395651  0.79826211 0.58215619 0.12558736
 0.84780582 0.67538653 0.11761018 0.46815791 0.95386651 0.29164354
 0.55480087 0.4111867  0.37253006 0.755029   0.70314202 0.68145299
 0.27199838 0.78372224 0.2845378  0.35690252 0.03705653 0.29434181
 0.56909001 0.69959139 0.9152106  0.38966092 0.84703793 0.0610532
 0.01766807 0.55266567 0.56222444 0.99545186 0.74465049 0.38680212
 0.46341878 0.85347778 0.20161114 0.36233678 0.81005759 0.42830868
 0.17312406 0.10850362 0.15931171 0.06105009 0.34594183 0.44220669] -> [6.0, 0.0006000199999999999]
, [0.73256668 0.99680433 0.38124044 0.79612807 0.6559867  0.1447982
 0.78872392 0.19726555 0.85164053 0.59675812 0.98833781 0.15934612
 0.26583524 0.58545394 0.89121098 0.73622043 0.35396704 0.22661833
 0.61063582 0.63556099 0.66232165 0.74192993 0.83088728 0.82730706
 0.07609428 0.182509   0.7395651  0.79826211 0.58279743 0.28471639
 0.78977407 0.67538653 0.32072789 0.46815791 0.54831739 0.04215097
 0.55480087 0.4111867  0.37253006 0.60730721 0.70314202 0.70220531
 0.43917307 0.57605492 0.2845378  0.35690252 0.03705653 0.31801607
 0.58242399 0.69959139 0.9152106  0.38966092 0.76370914 0.0610532
 0.01766807 0.55266567 0.56222444 0.99545186 0.74465049 0.38680212
 0.46341878 0.85347778 0.31657713 0.36233678 0.81005759 0.42830868
 0.17797821 0.10850362 0.15931171 0.08481249 0.34594183 0.44220669] -> [6.0, 0.0006000199999999999]
, [0.73256668 0.99680433 0.38124044 0.79612807 0.6559867  0.1447982
 0.73716558 0.19726555 0.00965766 0.59675812 0.98095673 0.01903341
 0.10202647 0.58545394 0.89121098 0.73622043 0.35396704 0.16639525
 0.59849488 0.63056923 0.66232165 0.74192993 0.83088728 0.82730706
 0.02728694 0.9814639  0.7395651  0.79826211 0.58302974 0.26357474
 0.62632803 0.67538653 0.21731675 0.46815791 0.99515464 0.53683874
 0.55480087 0.22464414 0.37253006 0.58608744 0.70314202 0.69465806
 0.21435995 0.57605492 0.2845378  0.35690252 0.03705653 0.29435919
 0.5701389  0.69959139 0.9152106  0.38966092 0.57510447 0.0610532
 0.01766807 0.55266567 0.56222444 0.99545186 0.74465049 0.38680212
 0.46341878 0.85347778 0.20326095 0.36233678 0.81005759 0.42830868
 0.18246667 0.10850362 0.15931171 0.04885006 0.34594183 0.44220669] -> [6.0, 0.0006000199999999999]
, [0.73256668 0.99680433 0.38124044 0.79612807 0.6559867  0.1447982
 0.73716558 0.19726555 0.11928198 0.59675812 0.98095673 0.01903341
 0.26583524 0.58545394 0.89121098 0.73622043 0.35396704 0.16639525
 0.59849488 0.63056923 0.66232165 0.74192993 0.83088728 0.82730706
 0.02728694 0.9814639  0.7395651  0.79826211 0.58302974 0.26357474
 0.62632803 0.67538653 0.21731675 0.46815791 0.99515464 0.53683874
 0.55480087 0.4111867  0.37253006 0.60726158 0.70314202 0.69465806
 0.21435995 0.57605492 0.2845378  0.35690252 0.03705653 0.29435919
 0.5701389  0.69959139 0.9152106  0.38966092 0.57510447 0.0610532
 0.01766807 0.55266567 0.56222444 0.99545186 0.74465049 0.38680212
 0.46341878 0.75075846 0.20326095 0.36233678 0.81005759 0.42830868
 0.18246667 0.10850362 0.15931171 0.04433078 0.34594183 0.44220669] -> [6.0, 0.0006000199999999999]
, [0.73256668 0.98364064 0.38124044 0.79612807 0.6559867  0.1447982
 0.73716558 0.19726555 0.11928198 0.59675812 0.98095673 0.01903341
 0.26583524 0.58545394 0.89121098 0.73622043 0.35396704 0.16639525
 0.59849488 0.63056923 0.66232165 0.74192993 0.83088728 0.82730706
 0.02728694 0.9814639  0.7395651  0.79826211 0.58302974 0.26357474
 0.62632803 0.67538653 0.21731675 0.46815791 0.99515464 0.53683874
 0.55480087 0.4111867  0.37253006 0.60726158 0.70314202 0.69465806
 0.21435995 0.57605492 0.2845378  0.35690252 0.03705653 0.29435919
 0.5701389  0.69959139 0.9152106  0.38966092 0.57510447 0.0610532
 0.01766807 0.55266567 0.56222444 0.99545186 0.74465049 0.38680212
 0.46341878 0.85347778 0.20326095 0.36233678 0.81005759 0.42830868
 0.18246667 0.10850362 0.15931171 0.04885006 0.34594183 0.44220669] -> [6.0, 0.0006000199999999999]
, [0.73256668 0.99680433 0.38124044 0.79612807 0.6559867  0.1447982
 0.78954815 0.19726555 0.11928198 0.59675812 0.983886   0.01886581
 0.26583524 0.58545394 0.89121098 0.73622043 0.35396704 0.23293874
 0.62398577 0.27191755 0.66232165 0.74192993 0.83088728 0.82730706
 0.08962846 0.64585428 0.7395651  0.79826211 0.58080767 0.02138376
 0.83978115 0.67538653 0.03638829 0.46815791 0.86074829 0.27774791
 0.55480087 0.4111867  0.37253006 0.00471715 0.70314202 0.68433741
 0.30122442 0.57605492 0.2845378  0.35690252 0.03705653 0.29430305
 0.56909001 0.69959139 0.9152106  0.38966092 0.87386697 0.0610532
 0.01766807 0.55266567 0.56222444 0.99545186 0.74465049 0.38680212
 0.46341878 0.85347778 0.14530501 0.36233678 0.81005759 0.42830868
 0.34770427 0.10850362 0.15931171 0.09912139 0.34594183 0.44220669] -> [6.0, 0.0006000199999999999]
, [0.73256668 0.99813382 0.38124044 0.22360157 0.6559867  0.1447982
 0.73716558 0.19726555 0.11928198 0.59675812 0.98095673 0.01903341
 0.26583524 0.58545394 0.89121098 0.73622043 0.35396704 0.16639525
 0.59849488 0.34517992 0.66232165 0.74192993 0.83088728 0.82730706
 0.02587036 0.9814639  0.7395651  0.79826211 0.58302974 0.26357474
 0.62632803 0.67538653 0.21731675 0.46815791 0.99515464 0.53683874
 0.55480087 0.4111867  0.37253006 0.60726158 0.70314202 0.69465806
 0.21435995 0.57605492 0.2845378  0.35690252 0.03705653 0.29435919
 0.5701389  0.69959139 0.9152106  0.16380084 0.57510447 0.0610532
 0.01766807 0.12672455 0.56222444 0.99545186 0.74465049 0.38680212
 0.46341878 0.85347778 0.18721991 0.36233678 0.81005759 0.42830868
 0.18246667 0.10850362 0.15931171 0.04885006 0.34594183 0.44220669] -> [6.0, 0.0006000199999999999]
, [0.73256668 0.99680433 0.38124044 0.79612807 0.40032624 0.1447982
 0.74109844 0.19726555 0.01118061 0.61493534 0.94816263 0.01903353
 0.26583524 0.58545394 0.89121098 0.73622043 0.35396704 0.30968847
 0.60425174 0.63609307 0.66232165 0.74192993 0.8382953  0.82730706
 0.01412549 0.81390676 0.7395651  0.79826211 0.57575648 0.61528991
 0.62632803 0.67538653 0.21731675 0.46815791 0.98237615 0.36141367
 0.82502136 0.4111867  0.37253006 0.60726158 0.70314202 0.7003036
 0.21435995 0.57605492 0.2845378  0.35690252 0.03705653 0.29435919
 0.57187199 0.69959139 0.9152106  0.38966092 0.5888495  0.0610532
 0.01766807 0.55266567 0.44456144 0.99545186 0.74465049 0.38680212
 0.46341878 0.85347778 0.51645548 0.36233678 0.81005759 0.42830868
 0.24697303 0.0897485  0.15931171 0.05027397 0.34594183 0.44220669] -> [6.0, 0.0006000199999999999]
, [0.73256668 0.99680433 0.38124044 0.79612807 0.43601275 0.1447982
 0.74121006 0.19726555 0.23753458 0.59721402 0.97111534 0.01903341
 0.26583524 0.58545394 0.89121098 0.73622043 0.35396704 0.36893449
 0.60248622 0.6136019  0.66232165 0.74192993 0.84411689 0.82730706
 0.02064189 0.64734956 0.7395651  0.79826211 0.58322776 0.76646339
 0.63248133 0.67538653 0.21731675 0.61604235 0.9995362  0.51128682
 0.68298587 0.4111867  0.37253006 0.60685872 0.70314202 0.70046025
 0.21435995 0.57605492 0.2845378  0.35690252 0.03705653 0.0726544
 0.57457297 0.69959139 0.9152106  0.38966092 0.5888495  0.52414495
 0.01766807 0.55266567 0.56222444 0.99545186 0.74465049 0.38680212
 0.46341878 0.85347778 0.60627345 0.36233678 0.81005759 0.74751906
 0.20544809 0.10850362 0.15931171 0.05170617 0.34594183 0.44220669] -> [6.0, 0.0006000199999999999]
, [0.05303633 0.87929666 0.38124044 0.98239479 0.61892458 0.19474276
 0.74031052 0.36884314 0.7026224  0.07873497 0.70016543 0.0520307
 0.25305044 0.9558061  0.64435661 0.07043528 0.32714516 0.2710795
 0.56580805 0.87621993 0.70425796 0.31066663 0.83521148 0.03985164
 0.17296037 0.16935615 0.72702989 0.6692209  0.69550495 0.7123727
 0.00195422 0.61943845 0.19194048 0.48573361 0.23537644 0.92863821
 0.86041918 0.65499846 0.21703897 0.66650977 0.3783504  0.63773521
 0.56019494 0.36605376 0.2845378  0.19602285 0.31296806 0.4353308
 0.72315683 0.49205281 0.9152106  0.39910396 0.20552961 0.66983803
 0.03200024 0.14695756 0.3828666  0.68519067 0.6971928  0.38680212
 0.51433014 0.50253296 0.26527609 0.27247336 0.33077588 0.26792998
 0.11566402 0.0144389  0.17517189 0.27011429 0.34919839 0.44702037] -> [6.0, 0.0006000199999999999]
, [0.73256668 0.99680433 0.38124044 0.79612807 0.40032624 0.1447982
 0.74109844 0.19726555 0.01118061 0.61493534 0.94816263 0.01903353
 0.26583524 0.58545394 0.89121098 0.73622043 0.35396704 0.30968847
 0.60425174 0.63609307 0.66232165 0.74192993 0.8382953  0.82730706
 0.01412549 0.81390676 0.7395651  0.79826211 0.57575648 0.61528991
 0.62632803 0.67538653 0.21731675 0.46815791 0.98237615 0.36141367
 0.82502136 0.4111867  0.37253006 0.60726158 0.70314202 0.7003036
 0.21435995 0.57605492 0.2845378  0.35690252 0.03705653 0.29435919
 0.57187199 0.69959139 0.9152106  0.38966092 0.5888495  0.0610532
 0.01766807 0.55266567 0.44456144 0.99545186 0.74465049 0.38680212
 0.46341878 0.85347778 0.51645548 0.36233678 0.81005759 0.42830868
 0.24697303 0.0897485  0.15931171 0.05027397 0.34594183 0.25577566] -> [6.0, 0.0006000199999999999]
, [7.32566680e-01 9.97424934e-01 3.81240443e-01 4.56434547e-01
 6.55986699e-01 1.44798198e-01 7.37165578e-01 1.97265549e-01
 1.19281976e-01 5.96758115e-01 9.80956727e-01 1.90334139e-02
 2.65835238e-01 5.85453941e-01 8.91210984e-01 7.36220429e-01
 3.53967043e-01 2.35691129e-01 5.67342862e-01 7.63996962e-04
 6.62321646e-01 7.41929934e-01 8.30887278e-01 8.27307064e-01
 1.92894633e-02 4.14204841e-01 7.39565101e-01 7.98262114e-01
 5.77280097e-01 5.76031545e-01 6.26328027e-01 6.75386534e-01
 2.17316750e-01 4.68157910e-01 9.96343429e-01 5.36838735e-01
 5.54800866e-01 4.11186699e-01 3.72530058e-01 6.07261585e-01
 7.03142020e-01 6.95947485e-01 2.14359952e-01 5.76054917e-01
 2.84537802e-01 3.56902515e-01 3.70565263e-02 2.94359189e-01
 5.70061918e-01 6.99591386e-01 9.15210605e-01 1.16049978e-01
 5.53761709e-01 6.10532035e-02 2.19442439e-01 5.52665671e-01
 5.62224439e-01 9.95451859e-01 7.44650494e-01 3.86802124e-01
 4.63418785e-01 8.53477779e-01 2.03260951e-01 3.62336781e-01
 8.10057588e-01 4.28308683e-01 3.04806902e-01 1.08503624e-01
 1.59311707e-01 7.51993390e-01 3.45941827e-01 4.42206688e-01] -> [6.0, 0.0006000199999999999]
, [0.73256668 0.99680433 0.38124044 0.79612807 0.46531835 0.1447982
 0.73716558 0.19726555 0.10405532 0.40946997 0.98095673 0.01903341
 0.26583524 0.58545394 0.89121098 0.73622043 0.35396704 0.16639525
 0.59849488 0.63056923 0.66232165 0.74192993 0.83088728 0.82730706
 0.02728694 0.9814639  0.7395651  0.79826211 0.58302974 0.26357474
 0.62632803 0.67538653 0.21731675 0.46815791 0.99515464 0.53683874
 0.55480087 0.4111867  0.37253006 0.60726158 0.70314202 0.69465806
 0.21435995 0.57605492 0.2845378  0.35690252 0.03705653 0.29435919
 0.5701389  0.69959139 0.9152106  0.38966092 0.57510447 0.0610532
 0.01766807 0.55266567 0.56222444 0.99545186 0.75230862 0.38680212
 0.46341878 0.85347778 0.20326095 0.00509353 0.81005759 0.42830868
 0.18246667 0.10850362 0.15931171 0.04885006 0.34594183 0.44220669] -> [6.0, 0.0006000199999999999]
, [0.73256668 0.99680433 0.38124044 0.79612807 0.6559867  0.1447982
 0.73716558 0.19726555 0.11928198 0.59675812 0.98459437 0.01903341
 0.26583524 0.58545394 0.89121098 0.73622043 0.35396704 0.24721631
 0.60845175 0.45717335 0.66232165 0.74192993 0.83088728 0.82730706
 0.07373137 0.31169302 0.7395651  0.79826211 0.59942092 0.71523123
 0.80514058 0.67538653 0.3666557  0.46815791 0.33525218 0.53683874
 0.55480087 0.4111867  0.37253006 0.60726158 0.70314202 0.69639775
 0.21435995 0.57605492 0.2845378  0.35690252 0.03705653 0.29435919
 0.57186635 0.69959139 0.9152106  0.38966092 0.46727303 0.0610532
 0.01766807 0.55266567 0.56222444 0.99545186 0.74465049 0.38680212
 0.46341878 0.85347778 0.20326095 0.36233678 0.81005759 0.42830868
 0.13043686 0.10850362 0.15931171 0.09992514 0.34594183 0.44220669] -> [6.0, 0.0006000199999999999]
, [0.29417089 0.93205971 0.34956745 0.70102158 0.68534979 0.29754211
 0.82445575 0.1571334  0.44300373 0.51691999 0.9910021  0.03752624
 0.26583524 0.91290226 0.89804453 0.73622043 0.35931902 0.42544087
 0.76482308 0.93203918 0.61560165 0.42054422 0.87033312 0.82730706
 0.52209471 0.24319049 0.6906135  0.85739231 0.71198456 0.12353237
 0.83978115 0.63111484 0.1301138  0.32373735 0.89981603 0.37028676
 0.28886164 0.53279082 0.37253006 0.62363668 0.08573525 0.68664263
 0.20026068 0.49654622 0.22968235 0.44470784 0.27949868 0.01569371
 0.51407302 0.69959139 0.91991905 0.37698683 0.33174928 0.06932494
 0.18451883 0.55266567 0.29546931 0.70499583 0.72010607 0.38680212
 0.68130973 0.59271253 0.02902746 0.36233678 0.81005759 0.22743378
 0.54723009 0.07347517 0.16321161 0.20217027 0.4038654  0.48393899] -> [6.0, 0.0006000199999999999]
, [0.73256668 0.99680433 0.51387682 0.79612807 0.6559867  0.1447982
 0.73716558 0.19726555 0.11928198 0.62430545 0.98036424 0.00300069
 0.26583524 0.58545394 0.87284391 0.73622043 0.35396704 0.16639525
 0.61984558 0.53914511 0.66232165 0.74192993 0.83088728 0.82730706
 0.02728694 0.77091423 0.7395651  0.81875973 0.58554433 0.26406819
 0.79277298 0.67538653 0.21731675 0.46815791 0.8289806  0.53683874
 0.43074685 0.4111867  0.37253006 0.58067719 0.70314202 0.68837507
 0.21435995 0.57605492 0.48451502 0.35690252 0.03705653 0.29435919
 0.5787862  0.69959139 0.9152106  0.38966092 0.58579823 0.0610532
 0.01766807 0.55266567 0.56222444 0.99545186 0.74465049 0.38680212
 0.46341878 0.85347778 0.01141228 0.36233678 0.81005759 0.42830868
 0.11014533 0.10850362 0.15931171 0.03678237 0.34594183 0.44220669] -> [6.0, 0.0006000199999999999]
, [7.32566680e-01 9.96804329e-01 3.81240443e-01 7.96128065e-01
 6.55986699e-01 1.44798198e-01 7.37165578e-01 1.97265549e-01
 1.19281976e-01 5.96758115e-01 9.82193173e-01 1.90334139e-02
 2.65835238e-01 5.85453941e-01 8.91210984e-01 7.36220429e-01
 3.53967043e-01 2.30393113e-01 6.10370344e-01 6.95458002e-01
 6.62321646e-01 7.41929934e-01 8.30887278e-01 8.27307064e-01
 8.60884279e-02 1.95773902e-01 7.39565101e-01 7.98262114e-01
 5.91253050e-01 2.73634257e-01 8.05596895e-01 6.75386534e-01
 2.17316750e-01 4.68157910e-01 6.40820162e-01 5.36838735e-01
 5.54800866e-01 4.11186699e-01 3.72530058e-01 6.05018292e-01
 7.03142020e-01 7.17933728e-01 2.14359952e-01 5.76054917e-01
 2.84537802e-01 3.56902515e-01 3.70565263e-02 2.94359189e-01
 6.10036964e-01 6.99591386e-01 9.15210605e-01 3.89660922e-01
 4.65308504e-01 6.10532035e-02 1.76680744e-02 5.52665671e-01
 5.62224439e-01 9.95451859e-01 7.44650494e-01 3.86802124e-01
 4.63418785e-01 5.72051346e-01 2.03260951e-01 3.62336781e-01
 8.10057588e-01 4.28308683e-01 1.14206636e-01 1.08503624e-01
 1.59311707e-01 4.27552602e-05 3.45941827e-01 4.42206688e-01] -> [6.0, 0.0006000199999999999]
, [0.68916982 0.99680433 0.36551508 0.41891137 0.40168231 0.5517103
 0.86500116 0.1450188  0.49473351 0.72798113 0.98095673 0.12724914
 0.26650097 0.94835776 0.9132545  0.32525742 0.47634198 0.08373591
 0.88133074 0.50917587 0.29277779 0.10726845 0.87067882 0.62608547
 0.03777441 0.75704448 0.70782063 0.7547239  0.54798324 0.67468635
 0.30777046 0.58911136 0.3097899  0.3211912  0.52009249 0.82688584
 0.81702439 0.17375179 0.87992755 0.61510928 0.45634991 0.70545885
 0.39155982 0.57605492 0.31218982 0.28836579 0.53434159 0.29403234
 0.70142311 0.69959139 0.87909703 0.38478326 0.33445904 0.53807972
 0.15244058 0.27978593 0.59143311 0.72869318 0.74465049 0.48150513
 0.22009722 0.16155037 0.22154365 0.65056698 0.36859231 0.48089375
 0.20888739 0.07048066 0.58457331 0.0774594  0.36196081 0.44141365] -> [6.0, 0.0006000199999999999]
, [0.73256668 0.99680433 0.38124044 0.79612807 0.6559867  0.1447982
 0.76497968 0.19726555 0.11928198 0.59675812 0.98095673 0.01831759
 0.26583524 0.58545394 0.89121098 0.73622043 0.35396704 0.20213362
 0.5985211  0.63056923 0.66232165 0.74192993 0.83088728 0.82730706
 0.03411819 0.28049017 0.7395651  0.79826211 0.58302974 0.23186272
 0.62632803 0.67538653 0.21731675 0.46815791 0.99515464 0.53683874
 0.55480087 0.4111867  0.26943155 0.60726158 0.70314202 0.69258066
 0.3603943  0.57605492 0.2845378  0.35690252 0.03705653 0.29435919
 0.57159496 0.69959139 0.9152106  0.38966092 0.56977248 0.0610532
 0.01766807 0.55266567 0.56222444 0.99545186 0.74465049 0.38680212
 0.46341878 0.81092363 0.36460993 0.36233678 0.81005759 0.42830868
 0.3499631  0.10850362 0.15931171 0.24133478 0.34594183 0.44220669] -> [6.0, 0.0006000199999999999]
, [0.73256668 0.99680433 0.42255872 0.79612807 0.6559867  0.1447982
 0.77667336 0.19726555 0.11928198 0.59675812 0.98448711 0.01913501
 0.26583524 0.58545394 0.89121098 0.73622043 0.35396704 0.23293874
 0.62242809 0.81004534 0.66232165 0.74192993 0.86558108 0.82730706
 0.49422944 0.88796371 0.7395651  0.79826211 0.58080767 0.01488887
 0.83978115 0.67538653 0.43385904 0.01207536 0.37175    0.32779226
 0.55480087 0.4111867  0.37253006 0.00255748 0.70314202 0.70604739
 0.28607885 0.57605492 0.2845378  0.35690252 0.03705653 0.29436735
 0.55362599 0.69959139 0.9152106  0.38966092 0.24010937 0.0610532
 0.01766807 0.55266567 0.56222444 0.99545186 0.74465049 0.02244763
 0.2567926  0.70031477 0.15542797 0.36233678 0.81005759 0.42830868
 0.02711644 0.10850362 0.15931171 0.106553   0.34594183 0.44220669] -> [6.0, 0.0006000199999999999]
, [0.73256668 0.99680433 0.38124044 0.79612807 0.6559867  0.76621529
 0.73716558 0.19726555 0.19215524 0.85062455 0.98395685 0.01903341
 0.17141463 0.58545394 0.89121098 0.73622043 0.35396704 0.21681847
 0.60956981 0.2873919  0.66232165 0.74192993 0.83088728 0.82730706
 0.09905046 0.9814639  0.7395651  0.86178608 0.52322548 0.44659691
 0.76566114 0.67538653 0.21731675 0.46815791 0.71279015 0.53683874
 0.55480087 0.4111867  0.37253006 0.60648094 0.70314202 0.69354776
 0.19374961 0.57605492 0.2845378  0.35690252 0.03705653 0.29435919
 0.582123   0.69959139 0.92753493 0.38966092 0.54955789 0.0610532
 0.01766807 0.55266567 0.56222444 0.97262074 0.74465049 0.26528833
 0.43408372 0.10049446 0.20326095 0.36233678 0.81005759 0.42830868
 0.4892004  0.10850362 0.11244746 0.03166535 0.60327946 0.44220669] -> [6.0, 0.0006000199999999999]
, [0.73256668 0.99680433 0.42255872 0.79612807 0.6559867  0.1447982
 0.77667336 0.19726555 0.11928198 0.59675812 0.98448711 0.01913501
 0.26583524 0.58545394 0.89121098 0.73622043 0.35396704 0.23293874
 0.62242809 0.81004534 0.66232165 0.74192993 0.86558108 0.82730706
 0.49422944 0.88796371 0.7395651  0.79826211 0.58080767 0.01488887
 0.83978115 0.67538653 0.43385904 0.01207536 0.37175    0.32779226
 0.55480087 0.4111867  0.37253006 0.00255748 0.70314202 0.70604739
 0.28607885 0.57605492 0.2845378  0.35690252 0.03705653 0.29436735
 0.60750489 0.69959139 0.9152106  0.38966092 0.24010937 0.0610532
 0.01766807 0.55266567 0.56222444 0.99545186 0.74465049 0.38680212
 0.46341878 0.70031477 0.15542797 0.36233678 0.81005759 0.42830868
 0.02711644 0.10850362 0.15931171 0.106553   0.34594183 0.44220669] -> [6.0, 0.0006000199999999999]
, [0.73256668 0.99680433 0.38124044 0.79612807 0.6559867  0.1447982
 0.73716558 0.19726555 0.11928198 0.59675812 0.99368231 0.01903341
 0.26583524 0.58545394 0.89121098 0.73622043 0.35396704 0.10115946
 0.60845175 0.45717335 0.66232165 0.74192993 0.83088728 0.82730706
 0.07373137 0.3064116  0.76511218 0.79826211 0.59942092 0.71523123
 0.80514058 0.67538653 0.3666557  0.46815791 0.04239425 0.53683874
 0.55480087 0.4111867  0.37253006 0.60726158 0.70314202 0.69639775
 0.21435995 0.1446547  0.2845378  0.35690252 0.03705653 0.29435919
 0.57186635 0.69959139 0.9152106  0.38966092 0.46727303 0.0610532
 0.01766807 0.55266567 0.56222444 0.99545186 0.74465049 0.38680212
 0.46341878 0.85347778 0.20326095 0.36233678 0.81005759 0.42830868
 0.13043686 0.10850362 0.15931171 0.09992514 0.34594183 0.44220669] -> [6.0, 0.0006000199999999999]
, [0.73256668 0.99809586 0.38124044 0.38927062 0.6559867  0.1447982
 0.73716558 0.19726555 0.11928198 0.59675812 0.98095673 0.01903341
 0.26583524 0.58545394 0.89121098 0.73622043 0.35396704 0.16639525
 0.59849488 0.54633973 0.66232165 0.74192993 0.83088728 0.82730706
 0.02714149 0.9814639  0.7395651  0.79826211 0.58302974 0.26357474
 0.62632803 0.67538653 0.21731675 0.46815791 0.99515464 0.53683874
 0.55480087 0.4111867  0.37253006 0.60726158 0.70314202 0.69465806
 0.21435995 0.57605492 0.2845378  0.35690252 0.03705653 0.29435919
 0.5701389  0.69959139 0.9152106  0.39409782 0.57510447 0.0610532
 0.01766807 0.4807315  0.56222444 0.99545186 0.74465049 0.38680212
 0.46341878 0.812337   0.19604738 0.36233678 0.81005759 0.42830868
 0.18246667 0.10850362 0.15931171 0.04859963 0.34594183 0.44220669] -> [6.0, 0.0006000199999999999]
]