[6.0, 0.0006000199999999999]
[6.0, 0.0006000199999999999]
[1.0, 0.00144012]
[1.0, 0.00144012]
[2.0, 0.0008566285424949239]
[3.0, 0.0006566085424949238]
[5.0, 0.00064004]
[2.0, 0.0008566285424949239]
[5.0, 0.00064004]
[3.0, 0.0006566085424949238]
[6.0, 0.0006000199999999999]
[6.0, 0.0006000199999999999]
[6.0, 0.0006000199999999999]
[6.0, 0.0006000199999999999]
[6.0, 0.0006000199999999999]
[6.0, 0.0006000199999999999]
[6.0, 0.0006000199999999999]
[6.0, 0.0006000199999999999]
[6.0, 0.0006000199999999999]
[6.0, 0.0006000199999999999]
[6.0, 0.0006000199999999999]
[6.0, 0.0006000199999999999]
[6.0, 0.0006000199999999999]
[6.0, 0.0006000199999999999]
[6.0, 0.0006000199999999999]
[6.0, 0.0006000199999999999]
[6.0, 0.0006000199999999999]
[6.0, 0.0006000199999999999]
[6.0, 0.0006000199999999999]
[6.0, 0.0006000199999999999]
[6.0, 0.0006000199999999999]
[6.0, 0.0006000199999999999]
[6.0, 0.0006000199999999999]
[6.0, 0.0006000199999999999]
[6.0, 0.0006000199999999999]
[6.0, 0.0006000199999999999]
[6.0, 0.0006000199999999999]
[6.0, 0.0006000199999999999]
[6.0, 0.0006000199999999999]
[6.0, 0.0006000199999999999]
[6.0, 0.0006000199999999999]
[6.0, 0.0006000199999999999]
[6.0, 0.0006000199999999999]
[6.0, 0.0006000199999999999]
[6.0, 0.0006000199999999999]
[6.0, 0.0006000199999999999]
[6.0, 0.0006000199999999999]
[6.0, 0.0006000199999999999]
[6.0, 0.0006000199999999999]
[6.0, 0.0006000199999999999]
[6.0, 0.0006000199999999999]
[6.0, 0.0006000199999999999]
[6.0, 0.0006000199999999999]
[6.0, 0.0006000199999999999]
[6.0, 0.0006000199999999999]
[6.0, 0.0006000199999999999]
[6.0, 0.0006000199999999999]
[6.0, 0.0006000199999999999]
[6.0, 0.0006000199999999999]
[6.0, 0.0006000199999999999]
[6.0, 0.0006000199999999999]
[6.0, 0.0006000199999999999]
[6.0, 0.0006000199999999999]
[6.0, 0.0006000199999999999]
[6.0, 0.0006000199999999999]
[6.0, 0.0006000199999999999]
[6.0, 0.0006000199999999999]
[6.0, 0.0006000199999999999]
[6.0, 0.0006000199999999999]
[6.0, 0.0006000199999999999]
[6.0, 0.0006000199999999999]
[6.0, 0.0006000199999999999]
[6.0, 0.0006000199999999999]
[6.0, 0.0006000199999999999]
[6.0, 0.0006000199999999999]
[6.0, 0.0006000199999999999]
[6.0, 0.0006000199999999999]
[6.0, 0.0006000199999999999]
[6.0, 0.0006000199999999999]
[6.0, 0.0006000199999999999]
[6.0, 0.0006000199999999999]
[6.0, 0.0006000199999999999]
[6.0, 0.0006000199999999999]
[6.0, 0.0006000199999999999]
[6.0, 0.0006000199999999999]
[6.0, 0.0006000199999999999]
[6.0, 0.0006000199999999999]
[6.0, 0.0006000199999999999]
[6.0, 0.0006000199999999999]
[6.0, 0.0006000199999999999]
[6.0, 0.0006000199999999999]
[6.0, 0.0006000199999999999]
[6.0, 0.0006000199999999999]
[6.0, 0.0006000199999999999]
[6.0, 0.0006000199999999999]
[6.0, 0.0006000199999999999]
[6.0, 0.0006000199999999999]
[6.0, 0.0006000199999999999]
[6.0, 0.0006000199999999999]
[6.0, 0.0006000199999999999]
